[gd_scene load_steps=12 format=2]

[ext_resource path="res://scenes/level/obstacles/ObsRock.tscn" type="PackedScene" id=1]
[ext_resource path="res://data/textures/Dark/texture_01.png" type="Texture" id=2]
[ext_resource path="res://scenes/level/obstacles/ObsTree.tscn" type="PackedScene" id=3]
[ext_resource path="res://scenes/level/obstacles/ObsDefault.tscn" type="PackedScene" id=4]
[ext_resource path="res://scenes/level/obstacles/ObsBarrel.tscn" type="PackedScene" id=5]
[ext_resource path="res://data/textures/Dark/texture_02.png" type="Texture" id=7]

[sub_resource type="ShaderMaterial" id=3]

[sub_resource type="CubeMesh" id=2]
material = SubResource( 3 )

[sub_resource type="SpatialMaterial" id=16]
albedo_color = Color( 0.847059, 0.796078, 0.796078, 1 )
albedo_texture = ExtResource( 7 )
uv1_scale = Vector3( 50, 35, 1 )

[sub_resource type="BoxShape" id=1]

[sub_resource type="SpatialMaterial" id=6]
albedo_texture = ExtResource( 2 )
uv1_scale = Vector3( 40.5, 13, 1 )

[node name="LevelTest" type="Spatial"]

[node name="DirectionalLight" type="DirectionalLight" parent="."]
transform = Transform( 0.435596, 0.65974, -0.612373, -0.433013, 0.75, 0.5, 0.789149, 0.0473672, 0.612372, 20.2617, 6.87771, 9.37318 )
shadow_enabled = true

[node name="FloorBackground" type="MeshInstance" parent="."]
transform = Transform( 50, 0, 0, 0, 1, 0, 0, 0, 50, 12, -1.2, 5 )
mesh = SubResource( 2 )
skeleton = NodePath("../Floor")
material/0 = SubResource( 16 )

[node name="Floor" type="StaticBody" parent="." groups=["navmesh", "pathable"]]
transform = Transform( 13.5, 0, 0, 0, 1, 0, 0, 0, 6.5, 12, -1, 5 )

[node name="CollisionShape" type="CollisionShape" parent="Floor"]
shape = SubResource( 1 )

[node name="MeshInstance" type="MeshInstance" parent="Floor"]
mesh = SubResource( 2 )
material/0 = SubResource( 6 )

[node name="ObsDefault" parent="." instance=ExtResource( 4 )]
transform = Transform( 0.193185, 0, 0.258819, 0, 2, 0, -0.0517638, 0, 0.965926, 8, 0, 5.5 )

[node name="ObsDefault2" parent="." instance=ExtResource( 4 )]
transform = Transform( 0.2, 0, 0, 0, 1, 0, 0, 0, 1, 8, 0, 8.5 )

[node name="ObsBarrel" parent="." instance=ExtResource( 5 )]
transform = Transform( 1, 0, 0, 0, 1, 0, 0, 0, 1, 11, 0, 3 )

[node name="ObsBarrel2" parent="." instance=ExtResource( 5 )]
transform = Transform( 0.5, 0, 0.866025, 0, 1, 0, -0.866025, 0, 0.5, 11, 0, 4 )

[node name="ObsBarrel3" parent="." instance=ExtResource( 5 )]
transform = Transform( 0.258819, 0, -0.965926, 0, 1, 0, 0.965926, 0, 0.258819, 14, 0, 5 )

[node name="ObsBarrel4" parent="." instance=ExtResource( 5 )]
transform = Transform( 1, 0, 0, 0, 1, 0, 0, 0, 1, 14, 0, 6 )

[node name="ObsRock" parent="." instance=ExtResource( 1 )]
transform = Transform( 1, 0, 0, 0, 1, 0, 0, 0, 1, 4, 0, 2 )

[node name="ObsRock2" parent="." instance=ExtResource( 1 )]
transform = Transform( 1, 0, 0, 0, 1, 0, 0, 0, 1, 16, 0, 1 )

[node name="ObsRock3" parent="." instance=ExtResource( 1 )]
transform = Transform( 1, 0, 0, 0, 1, 0, 0, 0, 1, 0, 0, 7 )

[node name="ObsTree" parent="." instance=ExtResource( 3 )]
transform = Transform( 0.707107, 0, -0.707107, 0, 1, 0, 0.707107, 0, 0.707107, 4, 0, 1 )

[node name="ObsTree2" parent="." instance=ExtResource( 3 )]
transform = Transform( 0.707107, 0, 0.707107, 0, 1, 0, -0.707107, 0, 0.707107, 15, 0, 7 )
