[gd_scene load_steps=24 format=3 uid="uid://cj3xg8hji41fv"]

[ext_resource type="Script" path="res://scripts/units/UnitAnimator.gd" id="1"]
[ext_resource type="Material" path="res://data/models/player2/Alpha_Body_MAT.material" id="2"]
[ext_resource type="PackedScene" uid="uid://bbew76llhdkcq" path="res://data/models/player2/y bot 2.tscn" id="3"]
[ext_resource type="Script" path="res://scripts/units/UnitObject.gd" id="4"]
[ext_resource type="PackedScene" path="res://data/vfx/muzzle flesh.tscn" id="5"]
[ext_resource type="Script" path="res://scripts/units/UnitVisual.gd" id="6"]

[sub_resource type="AnimationNodeAnimation" id="21"]
animation = &"hit"

[sub_resource type="AnimationNodeAnimation" id="8"]
animation = &"idle"

[sub_resource type="AnimationNodeAnimation" id="24"]
animation = &"reloading"

[sub_resource type="AnimationNodeAnimation" id="9"]
animation = &"shoot"

[sub_resource type="AnimationNodeAnimation" id="10"]
animation = &"walking"

[sub_resource type="AnimationNodeStateMachineTransition" id="11"]
xfade_time = 0.3

[sub_resource type="AnimationNodeStateMachineTransition" id="13"]
xfade_time = 0.3
switch_mode = 2
auto_advance = true

[sub_resource type="AnimationNodeStateMachineTransition" id="14"]
xfade_time = 0.3

[sub_resource type="AnimationNodeStateMachineTransition" id="16"]
xfade_time = 0.3

[sub_resource type="AnimationNodeStateMachineTransition" id="22"]

[sub_resource type="AnimationNodeStateMachineTransition" id="23"]
switch_mode = 2
auto_advance = true

[sub_resource type="AnimationNodeStateMachineTransition" id="25"]

[sub_resource type="AnimationNodeStateMachineTransition" id="26"]
switch_mode = 2
auto_advance = true

[sub_resource type="AnimationNodeStateMachineTransition" id="AnimationNodeStateMachineTransition_5jpoi"]

[sub_resource type="AnimationNodeStateMachine" id="17"]
states/End/position = Vector2(643, 28)
states/Hit/node = SubResource("21")
states/Hit/position = Vector2(200.026, -92.2599)
states/Idle/node = SubResource("8")
states/Idle/position = Vector2(200.013, 48.5)
states/Reloading/node = SubResource("24")
states/Reloading/position = Vector2(235.597, 195.407)
states/Shooting/node = SubResource("9")
states/Shooting/position = Vector2(505, 5)
states/Start/position = Vector2(86, 50)
states/Walking/node = SubResource("10")
states/Walking/position = Vector2(514.875, 140.5)
transitions = ["Idle", "Walking", SubResource("11"), "Shooting", "Idle", SubResource("13"), "Walking", "Idle", SubResource("14"), "Idle", "Shooting", SubResource("16"), "Idle", "Hit", SubResource("22"), "Hit", "Idle", SubResource("23"), "Idle", "Reloading", SubResource("25"), "Reloading", "Idle", SubResource("26"), "Start", "Idle", SubResource("AnimationNodeStateMachineTransition_5jpoi")]
graph_offset = Vector2(-95.1753, -110.349)

[sub_resource type="AnimationNodeStateMachinePlayback" id="20"]

[sub_resource type="CapsuleShape3D" id="7"]
radius = 0.350318

[node name="UnitObject" type="Node3D"]
script = ExtResource("4")
player_color = Color(0.196078, 0.729412, 0.913725, 1)
enemy_color = Color(0.729412, 0.243137, 0.243137, 1)
path_to_hit_points = NodePath("UnitVisual/HitPoints")
path_to_shoot_point = NodePath("UnitVisual/HeadPoint")
hit_bullet_point_path = NodePath("UnitVisual/HitPoints/Spine2")

[node name="UnitVisual" type="Node3D" parent="." node_paths=PackedStringArray("unit_mesh", "muzzle_flesh")]
script = ExtResource("6")
original_material = ExtResource("2")
unit_mesh = NodePath("y bot 2/Armature/Skeleton3D/Alpha_Surface")
muzzle_flesh = NodePath("muzzle flesh")

[node name="y bot 2" parent="UnitVisual" instance=ExtResource("3")]
transform = Transform3D(-1, 0, -8.74228e-08, 0, 1, 0, 8.74228e-08, 0, -1, 0, 0, 0)

[node name="Skeleton3D" parent="UnitVisual/y bot 2/Armature" index="0"]
bones/1/rotation = Quaternion(-0.109883, -0.340334, -0.0261103, 0.933497)
bones/2/rotation = Quaternion(0.0551984, -0.000573598, 0.00214772, 0.998473)
bones/3/rotation = Quaternion(0.133847, 2.22201e-05, -0.00532216, 0.990988)
bones/4/rotation = Quaternion(0.13794, -0.000302306, -0.00524142, 0.990427)
bones/5/rotation = Quaternion(0.00724885, 0.0651744, 0.00769627, 0.997818)
bones/6/rotation = Quaternion(-0.0337661, 0.191706, 0.0906022, 0.976678)
bones/10/rotation = Quaternion(-0.32201, -0.0311583, 0.029594, 0.945761)
bones/11/rotation = Quaternion(-0.250637, -0.223667, -0.473639, 0.814138)
bones/12/rotation = Quaternion(-1.51814e-07, -0.531087, -1.23497e-07, 0.847317)
bones/13/rotation = Quaternion(0.831951, -0.239538, -0.128317, -0.483749)
bones/14/rotation = Quaternion(-0.0179853, 0.044796, -0.441354, 0.896034)
bones/15/rotation = Quaternion(-7.12353e-08, 0.0549648, -0.536636, 0.842022)
bones/16/rotation = Quaternion(-6.4446e-09, 0.015869, -0.154933, 0.987798)
bones/18/rotation = Quaternion(0.0440651, 0.0827957, 0.0312118, 0.995103)
bones/19/rotation = Quaternion(0.167649, -0.023581, 0.0635059, 0.983517)
bones/20/rotation = Quaternion(-0.0405105, -0.0832017, 0.0162574, 0.995576)
bones/22/rotation = Quaternion(-0.0126507, 0.0318706, -0.315583, 0.948278)
bones/23/rotation = Quaternion(9.34961e-10, 0.051071, -0.49862, 0.865315)
bones/24/rotation = Quaternion(-1.09338e-07, 0.0214126, -0.209057, 0.977669)
bones/26/rotation = Quaternion(-0.0258648, 0.0425095, -0.505213, 0.861559)
bones/27/rotation = Quaternion(-1.87547e-08, 0.0600215, -0.586007, 0.80808)
bones/28/rotation = Quaternion(-5.74086e-08, 0.022804, -0.222641, 0.974634)
bones/30/rotation = Quaternion(-0.0695285, -0.00173654, -0.591554, 0.80326)
bones/31/rotation = Quaternion(1.46048e-08, 0.054164, -0.528817, 0.847006)
bones/32/rotation = Quaternion(-4.04452e-09, 0.0124229, -0.121288, 0.99254)
bones/34/rotation = Quaternion(-0.343252, -0.100358, -0.054607, 0.932269)
bones/35/rotation = Quaternion(0.143397, 0.545497, 0.495434, 0.660617)
bones/36/rotation = Quaternion(1.14626e-07, 0.757837, -1.07844e-07, 0.652444)
bones/37/rotation = Quaternion(-0.394936, -0.24383, -0.164362, 0.870378)
bones/38/rotation = Quaternion(-0.000411792, -0.0694393, 0.430992, 0.89968)
bones/39/rotation = Quaternion(8.35086e-08, -0.0666999, 0.819304, 0.569467)
bones/40/rotation = Quaternion(-1.2782e-08, -0.0132862, 0.1632, 0.986504)
bones/42/rotation = Quaternion(0.0686491, -0.0498645, 0.0925993, 0.992082)
bones/43/rotation = Quaternion(0.208182, -0.122786, -0.184175, 0.952714)
bones/44/rotation = Quaternion(0.111798, -0.405946, -0.252966, 0.871044)
bones/46/rotation = Quaternion(-0.00640113, 0.015391, 0.108452, 0.993962)
bones/47/rotation = Quaternion(5.19934e-09, -0.0230353, 0.282952, 0.958858)
bones/48/rotation = Quaternion(-2.70157e-08, -0.0208982, 0.256701, 0.966265)
bones/50/rotation = Quaternion(-0.0365066, -0.00594747, 0.477497, 0.877855)
bones/51/rotation = Quaternion(-3.13812e-08, -0.0620346, 0.761999, 0.6446)
bones/52/rotation = Quaternion(6.70007e-08, -0.0346361, 0.425451, 0.904319)
bones/54/rotation = Quaternion(-0.0448661, -0.00568623, 0.534611, 0.843887)
bones/55/rotation = Quaternion(-5.34524e-08, -0.0535733, 0.658064, 0.751054)
bones/56/rotation = Quaternion(-1.33966e-07, -0.0404923, 0.497385, 0.866584)
bones/58/rotation = Quaternion(0.0352902, 0.04724, -0.0485161, 0.99708)
bones/59/rotation = Quaternion(0.260804, -0.0113299, 0.00810116, 0.965291)
bones/60/rotation = Quaternion(-0.178572, -0.137096, 0.0628961, 0.972297)
bones/61/rotation = Quaternion(-3.75509e-06, 2.91106e-09, 1.81006e-08, 1)
bones/63/rotation = Quaternion(-0.0671053, 0.397025, 0.146933, 0.903481)
bones/64/rotation = Quaternion(0.17788, 0.00153608, -0.00764392, 0.984021)
bones/65/rotation = Quaternion(0.027936, 0.015577, -0.0214015, 0.999259)
bones/66/rotation = Quaternion(-4.9797e-07, -6.89179e-08, -1.89175e-09, 1)

[node name="Physical Bone RootMotion" parent="UnitVisual/y bot 2/Armature/Skeleton3D" index="2"]
transform = Transform3D(0.986339, -0.164723, -0.000983738, 0.164726, 0.986322, 0.00589038, -7.10543e-15, -0.00597196, 0.999982, 0.000450914, 0.244352, -99.1304)
joint_offset = Transform3D(1, 0, 0, 0, 1, 0, 0, 0, 1, 4.01633e-09, 3.07336e-08, 0.458367)
body_offset = Transform3D(0.986339, -0.164723, -0.000983738, 7.10543e-15, 0.00597196, -0.999982, 0.164726, 0.986322, 0.00589038, 0.000450914, 0.458359, -0.00269999)

[node name="Physical Bone Hips" parent="UnitVisual/y bot 2/Armature/Skeleton3D" index="3"]
transform = Transform3D(0.855774, -0.514219, -0.0221533, 0.491378, 0.800008, 0.334246, -0.154531, -0.297262, 0.939464, -0.206135, 0.720759, -104.403)
joint_offset = Transform3D(1, 0, 0, 0, 1, 0, 0, 0, 1, -0.806479, -1.93348, 4.37993)
body_offset = Transform3D(0.97543, 0.126263, 0.172838, 0.164239, 0.0762465, -0.980864, -0.138719, 0.985415, 0.0532657, 0.273771, 4.576, 1.5601)

[node name="Physical Bone Spine" parent="UnitVisual/y bot 2/Armature/Skeleton3D" index="4"]
transform = Transform3D(0.738532, -0.652295, -0.167722, 0.672818, 0.704761, 0.222619, -0.0270412, -0.277466, 0.959755, 2.07532, -2.25843, -114.832)
joint_offset = Transform3D(1, 0, 0, 0, 1, 0, 0, 0, 1, -0.397812, -1.76646, 5.56934)
body_offset = Transform3D(0.998527, -0.0395982, -0.0150439, -0.00817727, 0.167473, -0.985249, 0.0414844, 0.984657, 0.166968, 0.411062, 5.77977, 0.82596)

[node name="Physical Bone Spine1" parent="UnitVisual/y bot 2/Armature/Skeleton3D" index="5"]
transform = Transform3D(0.727545, -0.684812, -0.0264195, 0.683706, 0.727651, -0.0383968, 0.0456271, 0.00988345, 0.998134, 3.31654, -3.29646, -126.865)
joint_offset = Transform3D(1, 0, 0, 0, 1, 0, 0, 0, 1, -0.645222, -1.19492, 6.53128)
body_offset = Transform3D(0.995611, -0.0587671, -0.0646861, -0.0557417, 0.144464, -0.987157, 0.0671518, 0.987025, 0.14065, 0.994651, 6.58405, 0.304127)

[node name="Physical Bone Spine2" parent="UnitVisual/y bot 2/Armature/Skeleton3D" index="6"]
transform = Transform3D(-0.734053, 0.639833, 0.226816, -0.666873, -0.617636, -0.414755, -0.126007, -0.456659, 0.879454, 1.90923, -0.0221682, -139.972)
joint_offset = Transform3D(1, 0, 0, 0, 1, 0, 0, 0, 1, 1.542, 0.78425, 7.60487)
body_offset = Transform3D(-0.989546, 0.101199, -0.0993782, 0.105138, 0.0449023, -0.991991, -0.0957935, -0.99355, -0.0546344, 2.20227, 7.34663, 1.34239)

[node name="Physical Bone Neck" parent="UnitVisual/y bot 2/Armature/Skeleton3D" index="7"]
transform = Transform3D(-0.82717, 0.431524, 0.357895, -0.558359, -0.587851, -0.584339, -0.0417252, -0.684279, 0.727244, -2.1548, 6.58607, -150.839)
joint_offset = Transform3D(1, 0, 0, 0, 1, 0, 0, 0, 1, 2.70809, 1.24958, 6.38499)
body_offset = Transform3D(-0.991548, 0.0909323, -0.0794266, 0.103644, 0.303968, -0.946183, -0.0616861, -0.948344, -0.311214, 3.07871, 5.38086, 3.33918)

[node name="Physical Bone Head" parent="UnitVisual/y bot 2/Armature/Skeleton3D" index="8"]
transform = Transform3D(-0.899783, 0.0912012, 0.424177, -0.32686, -0.783688, -0.524504, 0.28513, -0.610101, 0.73687, -6.77984, 13.8214, -160.468)
joint_offset = Transform3D(1, 0, 0, 0, 1, 0, 0, 0, 1, 3.35119, 2.70781, 8.18187)
body_offset = Transform3D(-0.991697, 0.11279, -0.0385062, 0.0769217, 0.356251, -0.929876, -0.0914758, -0.924701, -0.363123, 3.333, 6.38568, 5.78149)

[node name="Physical Bone LeftShoulder" parent="UnitVisual/y bot 2/Armature/Skeleton3D" index="9"]
transform = Transform3D(-0.571694, 0.184153, -0.798648, 0.788636, -0.139566, -0.596664, -0.221458, -0.972178, -0.0655999, 11.2044, 9.04986, -141.62)
joint_offset = Transform3D(1, 0, 0, 0, 1, 0, 0, 0, 1, -1.38574, -0.0273848, 9.01099)
body_offset = Transform3D(0.14448, 0.0970731, -0.983714, -0.00591078, 0.9945, 0.0972036, 0.98839, -0.00829192, 0.144944, 9.06711, -0.856857, 0.0633335)

[node name="Physical Bone LeftArm" parent="UnitVisual/y bot 2/Armature/Skeleton3D" index="10"]
transform = Transform3D(-0.545151, 0.834843, 0.0502499, 0.485535, 0.364184, -0.790993, -0.681694, -0.407671, -0.604833, 14.9849, 23.1979, -131.248)
joint_offset = Transform3D(1, 0, 0, 0, 1, 0, 0, 0, 1, 0.19332, -0.0850093, 17.3349)
body_offset = Transform3D(0.17684, -0.0129492, -0.981022, 0.0317655, 0.997348, -0.00687996, 0.982527, -0.0303063, 0.17767, 16.9707, 0.197906, -3.27242)

[node name="Physical Bone LeftForeArm" parent="UnitVisual/y bot 2/Armature/Skeleton3D" index="11"]
transform = Transform3D(-0.00210479, 0.831725, 0.543772, -0.736671, 0.363165, -0.56668, -0.674896, -0.399182, 0.617448, 6.43185, 42.6556, -131.453)
joint_offset = Transform3D(1, 0, 0, 0, 1, 0, 0, 0, 1, 5.08747, -0.45148, 9.79879)
body_offset = Transform3D(-0.168032, -0.0359147, -0.984065, 0.00109822, 0.990789, -0.0368818, 0.984854, -0.0071082, -0.168264, 10.4813, 0.803131, -3.36485)

[node name="Physical Bone LeftHand" parent="UnitVisual/y bot 2/Armature/Skeleton3D" index="12"]
transform = Transform3D(0.76808, 0.0120807, 0.639776, 0.63936, -0.0511521, -0.766664, 0.0234765, 0.99819, -0.0470235, -4.91102, 55.1634, -140.404)
joint_offset = Transform3D(1, 0, 0, 0, 1, 0, 0, 0, 1, -1.76066, -1.33067, 3.1542)
body_offset = Transform3D(-0.0301358, 0.00250616, -0.999195, 0.020008, 0.999371, 0.00191296, 0.998985, -0.0199317, -0.0300597, 3.10194, 1.35902, 1.82717)

[node name="Physical Bone RightShoulder" parent="UnitVisual/y bot 2/Armature/Skeleton3D" index="13"]
transform = Transform3D(0.864061, 0.358751, 0.351777, -0.367031, -0.0231087, 0.928048, 0.3416, -0.932644, 0.11252, -5.76012, -9.00685, -142.326)
joint_offset = Transform3D(1, 0, 0, 0, 1, 0, 0, 0, 1, -0.192371, -0.195583, 3.99331)
body_offset = Transform3D(0.298904, 0.100794, 0.948252, -0.0435395, 0.994342, -0.0921789, -0.952242, -0.0136924, 0.300006, -3.70945, 0.554199, -1.38388)

[node name="Physical Bone RightArm" parent="UnitVisual/y bot 2/Armature/Skeleton3D" index="14"]
transform = Transform3D(-0.34917, -0.709325, 0.611803, -0.905237, 0.0869138, -0.415669, 0.24164, -0.69864, -0.672258, -17.0548, -9.54825, -134.973)
joint_offset = Transform3D(1, 0, 0, 0, 1, 0, 0, 0, 1, 2.40884, -0.0247752, 11.6822)
body_offset = Transform3D(0.0998454, -0.0336963, 0.993975, 0.0450597, 0.997958, 0.0289157, -0.993864, 0.0416811, 0.100955, -11.8531, -0.421616, 1.21572)

[node name="Physical Bone RightForeArm" parent="UnitVisual/y bot 2/Armature/Skeleton3D" index="15"]
transform = Transform3D(-0.510608, -0.70798, -0.487142, 0.620352, 0.0888252, -0.778413, 0.5951, -0.700003, 0.393561, -18.7043, 6.85218, -131.182)
joint_offset = Transform3D(1, 0, 0, 0, 1, 0, 0, 0, 1, 1.92558, 0.906784, 13.9115)
body_offset = Transform3D(0.00878185, -0.0388991, 0.998257, -0.0388977, 0.998037, 0.0394402, -0.999055, -0.0392317, 0.00718322, -13.8689, -1.37878, 1.85941)

[node name="Physical Bone RightHand" parent="UnitVisual/y bot 2/Armature/Skeleton3D" index="16"]
transform = Transform3D(0.0902249, -0.990092, -0.0490029, 0.0935681, 0.0574573, -0.988969, 0.987135, 0.0848919, 0.09835, -11.673, 23.9293, -137.395)
joint_offset = Transform3D(1, 0, 0, 0, 1, 0, 0, 0, 1, -0.3015, 2.35614, 5.35208)
body_offset = Transform3D(0.00950526, -0.0269881, 0.994644, 0.0105702, 0.994964, 0.026921, -0.995555, 0.010462, 0.00965434, -5.25696, -2.48517, -0.37648)

[node name="Physical Bone RightUpLeg" parent="UnitVisual/y bot 2/Armature/Skeleton3D" index="17"]
transform = Transform3D(0.991944, 0.0622311, 0.109609, 0.0512532, -0.992698, 0.101745, 0.115291, -0.0950186, -0.988295, -9.78674, -4.8144, -70.191)
joint_offset = Transform3D(1, 0, 0, 0, 1, 0, 0, 0, 1, -0.605622, 1.87805, 22.6784)
body_offset = Transform3D(0.843118, -0.533739, 0.0618235, 0.0394466, 0.17577, 0.983119, -0.536161, -0.826183, 0.169551, 0.110937, -22.6018, -2.61825)

[node name="Physical Bone RightLeg" parent="UnitVisual/y bot 2/Armature/Skeleton3D" index="18"]
transform = Transform3D(0.744525, 0.665361, -0.0463791, 0.629974, -0.678872, 0.375563, 0.21839, -0.308987, -0.925117, -10.3757, -13.5871, -30.8781)
joint_offset = Transform3D(1, 0, 0, 0, 1, 0, 0, 0, 1, -0.271195, -3.57103, 24.8464)
body_offset = Transform3D(0.987152, 0.0996155, 0.120594, -0.116139, -0.0491008, 0.99153, 0.104508, -0.993333, -0.0369492, -2.37289, -24.8428, -2.60083)

[node name="Physical Bone RightFoot" parent="UnitVisual/y bot 2/Armature/Skeleton3D" index="19"]
transform = Transform3D(-0.517109, -0.73449, 0.438684, -0.847645, 0.370836, -0.376959, 0.114214, -0.566289, -0.814852, -12.1896, -18.6391, -5.66836)
joint_offset = Transform3D(1, 0, 0, 0, 1, 0, 0, 0, 1, -5.43048, 0.778728, 9.55579)
body_offset = Transform3D(-0.989505, -0.13373, -0.0457241, -0.114233, 0.566114, 0.814971, -0.0823441, 0.811979, -0.576417, -4.83242, -8.84888, 4.42864)

[node name="Physical Bone RightToeBase" parent="UnitVisual/y bot 2/Armature/Skeleton3D" index="20"]
transform = Transform3D(-0.52244, -0.311989, 0.792791, -0.845109, 0.0720396, -0.527972, 0.107812, -0.946715, -0.301336, -19.1015, -13.3502, 1.22694)
joint_offset = Transform3D(1, 0, 0, 0, 1, 0, 0, 0, 1, -4.75827, 4.29877, 2.22622)
body_offset = Transform3D(-0.9906, -0.125861, 0.0411853, -0.107831, 0.946646, 0.301544, -0.0765429, 0.294645, -0.951551, -4.26418, -5.25381, 0.487542)

[node name="Physical Bone LeftUpLeg" parent="UnitVisual/y bot 2/Armature/Skeleton3D" index="21"]
transform = Transform3D(0.763977, 0.644988, 0.0183226, 0.54209, -0.656469, 0.523874, 0.350162, -0.39019, -0.850929, 6.64053, -0.780216, -76.2754)
joint_offset = Transform3D(1, 0, 0, 0, 1, 0, 0, 0, 1, -1.92004, 1.07661, 18.7556)
body_offset = Transform3D(0.633876, 0.772947, -0.0243598, -0.62421, 0.529441, 0.57383, 0.456836, -0.348502, 0.817915, 0.841784, -12.531, -14.0881)

[node name="Physical Bone LeftLeg" parent="UnitVisual/y bot 2/Armature/Skeleton3D" index="22"]
transform = Transform3D(0.937308, 0.0354138, -0.345682, -0.28306, -0.499081, -0.818244, -0.201634, 0.864592, -0.458042, 21.6194, 53.6571, -13.4263)
joint_offset = Transform3D(1, 0, 0, 0, 1, 0, 0, 0, 1, 7.89117, -21.6538, 48.6393)
body_offset = Transform3D(0.980454, 0.085238, -0.175434, 0.16501, -0.840999, 0.513328, -0.103958, -0.532269, -0.839369, 2.64179, -44.4809, 30.121)

[node name="Physical Bone LeftFoot" parent="UnitVisual/y bot 2/Armature/Skeleton3D" index="23"]
transform = Transform3D(-0.923, 0.347844, -0.161676, -0.239899, -0.851639, -0.463843, -0.299782, -0.3897, 0.868952, 15.3318, 78.1778, -26.4723)
joint_offset = Transform3D(1, 0, 0, 0, 1, 0, 0, 0, 1, 11.7336, 41.886, 37.2435)
body_offset = Transform3D(-0.853714, 0.515949, -0.0625565, 0.299797, 0.389759, -0.868921, -0.425022, -0.7616, -0.487268, -9.26412, 12.5185, 55.035)

[node name="Physical Bone LeftToeBase" parent="UnitVisual/y bot 2/Armature/Skeleton3D" index="24"]
transform = Transform3D(-0.938483, -0.31086, 0.139788, 0.3014, -0.949256, -0.0824925, 0.157996, -0.0348377, 0.961672, 16.2055, 86.739, -14.1126)
joint_offset = Transform3D(1, 0, 0, 0, 1, 0, 0, 0, 1, -13.8177, 49.1097, 15.1278)
body_offset = Transform3D(-0.980459, -0.108472, 0.153808, -0.158019, 0.0349026, -0.961666, 0.101424, -0.99295, -0.0519643, -10.5474, 10.6503, 50.951)

[node name="AnimationTree" type="AnimationTree" parent="UnitVisual"]
tree_root = SubResource("17")
anim_player = NodePath("../y bot 2/AnimationPlayer")
active = true
root_motion_track = NodePath("Armature/Skeleton3D:RootMotion")
parameters/playback = SubResource("20")
script = ExtResource("1")

[node name="muzzle flesh" parent="UnitVisual" instance=ExtResource("5")]
transform = Transform3D(0.5, 0, 0, 0, 0.5, 0, 0, 0, 0.5, 0, 1.43548, -0.741855)

[node name="HitPoints" type="Node3D" parent="UnitVisual"]

[node name="Head" type="Marker3D" parent="UnitVisual/HitPoints"]
transform = Transform3D(1, 0, 0, 0, 1, 0, 0, 0, 1, 0.100906, 1.63873, -0.109712)

[node name="RightShoulder" type="Marker3D" parent="UnitVisual/HitPoints"]
transform = Transform3D(1, 0, 0, 0, 1, 0, 0, 0, 1, -0.144435, 1.44851, -0.0819025)

[node name="RightArm" type="Marker3D" parent="UnitVisual/HitPoints"]
transform = Transform3D(1, 0, 0, 0, 1, 0, 0, 0, 1, 0.0425591, 1.4118, -0.515205)

[node name="LeftShoulder" type="Marker3D" parent="UnitVisual/HitPoints"]
transform = Transform3D(1, 0, 0, 0, 1, 0, 0, 0, 1, 0.138906, 1.44851, 0.103715)

[node name="LeftArm" type="Marker3D" parent="UnitVisual/HitPoints"]
transform = Transform3D(1, 0, 0, 0, 1, 0, 0, 0, 1, 0.171199, 1.35166, -0.170359)

[node name="Spine0" type="Marker3D" parent="UnitVisual/HitPoints"]
transform = Transform3D(1, 0, 0, 0, 1, 0, 0, 0, 1, 0.0352084, 0.888441, 0.0549993)

[node name="Spine1" type="Marker3D" parent="UnitVisual/HitPoints"]
transform = Transform3D(1, 0, 0, 0, 1, 0, 0, 0, 1, 0.00989328, 1.19108, 0.0549993)

[node name="Spine2" type="Marker3D" parent="UnitVisual/HitPoints"]
transform = Transform3D(1, 0, 0, 0, 1, 0, 0, 0, 1, 0.0423249, 1.42015, 0.0214574)

[node name="LeftLeg" type="Marker3D" parent="UnitVisual/HitPoints"]
transform = Transform3D(1, 0, 0, 0, 1, 0, 0, 0, 1, 0.114915, 0.749765, 0.0390549)

[node name="LeftFoot" type="Marker3D" parent="UnitVisual/HitPoints"]
transform = Transform3D(1, 0, 0, 0, 1, 0, 0, 0, 1, 0.0919117, 0.365846, 0.0903732)

[node name="RigthLeg" type="Marker3D" parent="UnitVisual/HitPoints"]
transform = Transform3D(1, 0, 0, 0, 1, 0, 0, 0, 1, -0.108194, 0.737749, -0.163077)

[node name="RightFoot" type="Marker3D" parent="UnitVisual/HitPoints"]
transform = Transform3D(1, 0, 0, 0, 1, 0, 0, 0, 1, -0.107799, 0.354459, -0.212042)

[node name="HeadPoint" type="Marker3D" parent="UnitVisual"]
transform = Transform3D(-1, 0, -8.74228e-08, 0, 1, 0, 8.74228e-08, 0, -1, 0.0945676, 1.57308, -0.141629)

[node name="UnitArea" type="Area3D" parent="."]
collision_layer = 8

[node name="CollisionShape3D" type="CollisionShape3D" parent="UnitArea"]
transform = Transform3D(1, 0, 0, 0, -4.37114e-08, -1, 0, 1, -4.37114e-08, 0, 0.8, 0)
shape = SubResource("7")

[node name="PositionUI" type="Marker3D" parent="."]
transform = Transform3D(1, 0, 0, 0, 1, 0, 0, 0, 1, 0, 1.87442, 0)

[node name="NavigationAgent3d" type="NavigationAgent3D" parent="."]

[editable path="UnitVisual/y bot 2"]
