[gd_scene load_steps=24 format=3 uid="uid://cj3xg8hji41fv"]

[ext_resource type="Script" path="res://scripts/units/UnitAnimator.gd" id="1"]
[ext_resource type="Material" path="res://data/models/player2/Alpha_Body_MAT.material" id="2"]
[ext_resource type="PackedScene" uid="uid://bbew76llhdkcq" path="res://data/models/player2/y bot 2.tscn" id="3"]
[ext_resource type="Script" path="res://scripts/units/UnitObject.gd" id="4"]
[ext_resource type="PackedScene" path="res://data/vfx/muzzle flesh.tscn" id="5"]
[ext_resource type="Script" path="res://scripts/units/UnitVisual.gd" id="6"]

[sub_resource type="AnimationNodeAnimation" id="21"]
animation = &"hit"

[sub_resource type="AnimationNodeAnimation" id="8"]
animation = &"idle"

[sub_resource type="AnimationNodeAnimation" id="24"]
animation = &"reloading"

[sub_resource type="AnimationNodeAnimation" id="9"]
animation = &"shoot"

[sub_resource type="AnimationNodeAnimation" id="10"]
animation = &"walking"

[sub_resource type="AnimationNodeStateMachineTransition" id="11"]
xfade_time = 0.3

[sub_resource type="AnimationNodeStateMachineTransition" id="13"]
xfade_time = 0.3
switch_mode = 2
auto_advance = true

[sub_resource type="AnimationNodeStateMachineTransition" id="14"]
xfade_time = 0.3

[sub_resource type="AnimationNodeStateMachineTransition" id="16"]
xfade_time = 0.3

[sub_resource type="AnimationNodeStateMachineTransition" id="22"]

[sub_resource type="AnimationNodeStateMachineTransition" id="23"]
switch_mode = 2
auto_advance = true

[sub_resource type="AnimationNodeStateMachineTransition" id="25"]

[sub_resource type="AnimationNodeStateMachineTransition" id="26"]
switch_mode = 2
auto_advance = true

[sub_resource type="AnimationNodeStateMachineTransition" id="AnimationNodeStateMachineTransition_5jpoi"]

[sub_resource type="AnimationNodeStateMachine" id="17"]
states/End/position = Vector2(643, 28)
states/Hit/node = SubResource("21")
states/Hit/position = Vector2(200.026, -92.2599)
states/Idle/node = SubResource("8")
states/Idle/position = Vector2(200.013, 48.5)
states/Reloading/node = SubResource("24")
states/Reloading/position = Vector2(235.597, 195.407)
states/Shooting/node = SubResource("9")
states/Shooting/position = Vector2(505, 5)
states/Start/position = Vector2(86, 50)
states/Walking/node = SubResource("10")
states/Walking/position = Vector2(514.875, 140.5)
transitions = ["Idle", "Walking", SubResource("11"), "Shooting", "Idle", SubResource("13"), "Walking", "Idle", SubResource("14"), "Idle", "Shooting", SubResource("16"), "Idle", "Hit", SubResource("22"), "Hit", "Idle", SubResource("23"), "Idle", "Reloading", SubResource("25"), "Reloading", "Idle", SubResource("26"), "Start", "Idle", SubResource("AnimationNodeStateMachineTransition_5jpoi")]
graph_offset = Vector2(-95.1753, -110.349)

[sub_resource type="AnimationNodeStateMachinePlayback" id="20"]

[sub_resource type="CapsuleShape3D" id="7"]
radius = 0.350318

[node name="UnitObject" type="Node3D"]
script = ExtResource("4")
player_color = Color(0.196078, 0.729412, 0.913725, 1)
enemy_color = Color(0.729412, 0.243137, 0.243137, 1)
path_to_hit_points = NodePath("UnitVisual/HitPoints")
path_to_shoot_point = NodePath("UnitVisual/HeadPoint")
hit_bullet_point_path = NodePath("UnitVisual/HitPoints/Spine2")

[node name="UnitVisual" type="Node3D" parent="." node_paths=PackedStringArray("unit_mesh", "muzzle_flesh")]
script = ExtResource("6")
original_material = ExtResource("2")
unit_mesh = NodePath("y bot 2/Armature/Skeleton3D/Alpha_Surface")
muzzle_flesh = NodePath("muzzle flesh")

[node name="y bot 2" parent="UnitVisual" instance=ExtResource("3")]
transform = Transform3D(-1, 0, -8.74228e-08, 0, 1, 0, 8.74228e-08, 0, -1, 0, 0, 0)

[node name="Skeleton3D" parent="UnitVisual/y bot 2/Armature" index="0"]
bones/1/rotation = Quaternion(-0.109883, -0.340334, -0.0261103, 0.933497)
bones/2/rotation = Quaternion(0.0551984, -0.000573598, 0.00214772, 0.998473)
bones/3/rotation = Quaternion(0.133847, 2.22201e-05, -0.00532216, 0.990988)
bones/4/rotation = Quaternion(0.13794, -0.000302306, -0.00524142, 0.990427)
bones/5/rotation = Quaternion(0.00724885, 0.0651744, 0.00769627, 0.997818)
bones/6/rotation = Quaternion(-0.0337661, 0.191706, 0.0906022, 0.976678)
bones/10/rotation = Quaternion(-0.32201, -0.0311583, 0.029594, 0.945761)
bones/11/rotation = Quaternion(-0.250637, -0.223667, -0.473639, 0.814138)
bones/12/rotation = Quaternion(-1.51814e-07, -0.531087, -1.23497e-07, 0.847317)
bones/13/rotation = Quaternion(0.831951, -0.239538, -0.128317, -0.483749)
bones/14/rotation = Quaternion(-0.0179853, 0.044796, -0.441354, 0.896034)
bones/15/rotation = Quaternion(-7.12353e-08, 0.0549648, -0.536636, 0.842022)
bones/16/rotation = Quaternion(-6.4446e-09, 0.015869, -0.154933, 0.987798)
bones/18/rotation = Quaternion(0.0440651, 0.0827957, 0.0312118, 0.995103)
bones/19/rotation = Quaternion(0.167649, -0.023581, 0.0635059, 0.983517)
bones/20/rotation = Quaternion(-0.0405105, -0.0832017, 0.0162574, 0.995576)
bones/22/rotation = Quaternion(-0.0126507, 0.0318706, -0.315583, 0.948278)
bones/23/rotation = Quaternion(9.34961e-10, 0.051071, -0.49862, 0.865315)
bones/24/rotation = Quaternion(-1.09338e-07, 0.0214126, -0.209057, 0.977669)
bones/26/rotation = Quaternion(-0.0258648, 0.0425095, -0.505213, 0.861559)
bones/27/rotation = Quaternion(-1.87547e-08, 0.0600215, -0.586007, 0.80808)
bones/28/rotation = Quaternion(-5.74086e-08, 0.022804, -0.222641, 0.974634)
bones/30/rotation = Quaternion(-0.0695285, -0.00173654, -0.591554, 0.80326)
bones/31/rotation = Quaternion(1.46048e-08, 0.054164, -0.528817, 0.847006)
bones/32/rotation = Quaternion(-4.04452e-09, 0.0124229, -0.121288, 0.99254)
bones/34/rotation = Quaternion(-0.343252, -0.100358, -0.054607, 0.932269)
bones/35/rotation = Quaternion(0.143397, 0.545497, 0.495434, 0.660617)
bones/36/rotation = Quaternion(1.14626e-07, 0.757837, -1.07844e-07, 0.652444)
bones/37/rotation = Quaternion(-0.394936, -0.24383, -0.164362, 0.870378)
bones/38/rotation = Quaternion(-0.000411792, -0.0694393, 0.430992, 0.89968)
bones/39/rotation = Quaternion(8.35086e-08, -0.0666999, 0.819304, 0.569467)
bones/40/rotation = Quaternion(-1.2782e-08, -0.0132862, 0.1632, 0.986504)
bones/42/rotation = Quaternion(0.0686491, -0.0498645, 0.0925993, 0.992082)
bones/43/rotation = Quaternion(0.208182, -0.122786, -0.184175, 0.952714)
bones/44/rotation = Quaternion(0.111798, -0.405946, -0.252966, 0.871044)
bones/46/rotation = Quaternion(-0.00640113, 0.015391, 0.108452, 0.993962)
bones/47/rotation = Quaternion(5.19934e-09, -0.0230353, 0.282952, 0.958858)
bones/48/rotation = Quaternion(-2.70157e-08, -0.0208982, 0.256701, 0.966265)
bones/50/rotation = Quaternion(-0.0365066, -0.00594747, 0.477497, 0.877855)
bones/51/rotation = Quaternion(-3.13812e-08, -0.0620346, 0.761999, 0.6446)
bones/52/rotation = Quaternion(6.70007e-08, -0.0346361, 0.425451, 0.904319)
bones/54/rotation = Quaternion(-0.0448661, -0.00568623, 0.534611, 0.843887)
bones/55/rotation = Quaternion(-5.34524e-08, -0.0535733, 0.658064, 0.751054)
bones/56/rotation = Quaternion(-1.33966e-07, -0.0404923, 0.497385, 0.866584)
bones/58/rotation = Quaternion(0.0352902, 0.04724, -0.0485161, 0.99708)
bones/59/rotation = Quaternion(0.260804, -0.0113299, 0.00810116, 0.965291)
bones/60/rotation = Quaternion(-0.178572, -0.137096, 0.0628961, 0.972297)
bones/61/rotation = Quaternion(-3.75509e-06, 2.91106e-09, 1.81006e-08, 1)
bones/63/rotation = Quaternion(-0.0671053, 0.397025, 0.146933, 0.903481)
bones/64/rotation = Quaternion(0.17788, 0.00153608, -0.00764392, 0.984021)
bones/65/rotation = Quaternion(0.027936, 0.015577, -0.0214015, 0.999259)
bones/66/rotation = Quaternion(-4.9797e-07, -6.89179e-08, -1.89175e-09, 1)

[node name="Physical Bone RootMotion" parent="UnitVisual/y bot 2/Armature/Skeleton3D" index="2"]
transform = Transform3D(0.986339, -0.164723, -0.000983738, 0.164726, 0.986322, 0.00589038, -7.10543e-15, -0.00597196, 0.999982, 0.000450914, 0.244352, -99.1304)
joint_offset = Transform3D(1, 0, 0, 0, 1, 0, 0, 0, 1, 4.01633e-09, 3.07336e-08, 0.458367)
body_offset = Transform3D(0.986339, -0.164723, -0.000983738, 7.10543e-15, 0.00597196, -0.999982, 0.164726, 0.986322, 0.00589038, 0.000450914, 0.458359, -0.00269999)

[node name="Physical Bone Hips" parent="UnitVisual/y bot 2/Armature/Skeleton3D" index="3"]
transform = Transform3D(0.855774, -0.514223, -0.0221852, 0.491378, 0.800013, 0.334248, -0.154531, -0.297264, 0.939544, -0.206132, 0.720752, -104.403)
joint_offset = Transform3D(1, 0, 0, 0, 1, 0, 0, 0, 1, -0.806311, -1.93343, 4.37961)
body_offset = Transform3D(0.97543, 0.126263, 0.172812, 0.164239, 0.076246, -0.980946, -0.138719, 0.985422, 0.0532681, 0.273771, 4.576, 1.5601)

[node name="Physical Bone Spine" parent="UnitVisual/y bot 2/Armature/Skeleton3D" index="4"]
transform = Transform3D(0.738537, -0.652296, -0.167728, 0.672838, 0.704764, 0.222619, -0.0270445, -0.277467, 0.959758, 2.07532, -2.25844, -114.832)
joint_offset = Transform3D(1, 0, 0, 0, 1, 0, 0, 0, 1, -0.397773, -1.76646, 5.56932)
body_offset = Transform3D(0.998544, -0.0395971, -0.0150492, -0.00817617, 0.167473, -0.985252, 0.0414964, 0.984659, 0.16697, 0.411062, 5.77977, 0.82596)

[node name="Physical Bone Spine1" parent="UnitVisual/y bot 2/Armature/Skeleton3D" index="5"]
transform = Transform3D(0.727553, -0.684906, -0.0264222, 0.683711, 0.727766, -0.0383953, 0.0456268, 0.00988637, 0.998225, 3.31655, -3.29648, -126.865)
joint_offset = Transform3D(1, 0, 0, 0, 1, 0, 0, 0, 1, -0.645222, -1.19477, 6.53068)
body_offset = Transform3D(0.99562, -0.0587651, -0.0646893, -0.0557421, 0.144482, -0.987246, 0.0671504, 0.987172, 0.140665, 0.99465, 6.58405, 0.304129)

[node name="Physical Bone Spine2" parent="UnitVisual/y bot 2/Armature/Skeleton3D" index="6"]
transform = Transform3D(-0.734054, 0.639834, 0.226815, -0.666873, -0.617637, -0.414756, -0.126006, -0.456658, 0.879454, 1.90929, -0.0222517, -139.972)
joint_offset = Transform3D(1, 0, 0, 0, 1, 0, 0, 0, 1, 1.54198, 0.784181, 7.60485)
body_offset = Transform3D(-0.989547, 0.101199, -0.0993799, 0.105138, 0.0449023, -0.991991, -0.0957925, -0.99355, -0.0546349, 2.20228, 7.34661, 1.34232)

[node name="Physical Bone Neck" parent="UnitVisual/y bot 2/Armature/Skeleton3D" index="7"]
transform = Transform3D(-0.82717, 0.431529, 0.357895, -0.55837, -0.587873, -0.584339, -0.0417308, -0.68428, 0.727243, -2.15476, 6.58599, -150.839)
joint_offset = Transform3D(1, 0, 0, 0, 1, 0, 0, 0, 1, 2.70806, 1.24948, 6.38494)
body_offset = Transform3D(-0.991555, 0.0909249, -0.079427, 0.103646, 0.30396, -0.946183, -0.0616972, -0.948363, -0.311215, 3.07871, 5.38084, 3.33913)

[node name="Physical Bone Head" parent="UnitVisual/y bot 2/Armature/Skeleton3D" index="8"]
transform = Transform3D(-0.899796, 0.0912018, 0.424191, -0.326867, -0.783848, -0.524507, 0.285135, -0.610262, 0.736929, -6.77984, 13.8213, -160.468)
joint_offset = Transform3D(1, 0, 0, 0, 1, 0, 0, 0, 1, 3.35107, 2.70745, 8.18156)
body_offset = Transform3D(-0.991712, 0.112811, -0.0385172, 0.076922, 0.356364, -0.929934, -0.0914785, -0.924897, -0.363112, 3.333, 6.3857, 5.78148)

[node name="Physical Bone LeftShoulder" parent="UnitVisual/y bot 2/Armature/Skeleton3D" index="9"]
transform = Transform3D(-0.571823, 0.184223, -0.798692, 0.788837, -0.139627, -0.596721, -0.221515, -0.972466, -0.0656, 11.2045, 9.04976, -141.621)
joint_offset = Transform3D(1, 0, 0, 0, 1, 0, 0, 0, 1, -1.38524, -0.0278941, 9.01033)
body_offset = Transform3D(0.14453, 0.0970991, -0.983785, -0.00591072, 0.9948, 0.0972106, 0.988631, -0.00831747, 0.144935, 9.06715, -0.856339, 0.063345)

[node name="Physical Bone LeftArm" parent="UnitVisual/y bot 2/Armature/Skeleton3D" index="10"]
transform = Transform3D(-0.545152, 0.834843, 0.0502504, 0.485533, 0.364183, -0.790995, -0.681695, -0.407671, -0.604838, 14.9849, 23.1984, -131.248)
joint_offset = Transform3D(1, 0, 0, 0, 1, 0, 0, 0, 1, 0.192949, -0.0852969, 17.3351)
body_offset = Transform3D(0.17684, -0.0129492, -0.981026, 0.0317655, 0.997348, -0.00687805, 0.982527, -0.0303063, 0.177674, 16.971, 0.198174, -3.27217)

[node name="Physical Bone LeftForeArm" parent="UnitVisual/y bot 2/Armature/Skeleton3D" index="11"]
transform = Transform3D(-0.00209376, 0.831729, 0.543773, -0.736709, 0.363166, -0.566678, -0.674896, -0.399184, 0.617449, 6.43185, 42.6555, -131.453)
joint_offset = Transform3D(1, 0, 0, 0, 1, 0, 0, 0, 1, 5.08732, -0.451459, 9.79862)
body_offset = Transform3D(-0.168062, -0.0359154, -0.984065, 0.00109303, 0.990794, -0.0368817, 0.984878, -0.00710803, -0.168264, 10.4813, 0.803131, -3.36485)

[node name="Physical Bone LeftHand" parent="UnitVisual/y bot 2/Armature/Skeleton3D" index="12"]
transform = Transform3D(0.768082, 0.0120815, 0.639798, 0.639359, -0.0511497, -0.766662, 0.0234744, 0.99819, -0.0470292, -4.91105, 55.1633, -140.404)
joint_offset = Transform3D(1, 0, 0, 0, 1, 0, 0, 0, 1, -1.76072, -1.33065, 3.15417)
body_offset = Transform3D(-0.0301389, 0.00250616, -0.999208, 0.0200081, 0.999371, 0.00190659, 0.998986, -0.0199317, -0.0300426, 3.10194, 1.35902, 1.82717)

[node name="Physical Bone RightShoulder" parent="UnitVisual/y bot 2/Armature/Skeleton3D" index="13"]
transform = Transform3D(0.86406, 0.358749, 0.351782, -0.367031, -0.0230332, 0.928048, 0.3416, -0.93264, 0.112521, -5.76011, -9.00689, -142.326)
joint_offset = Transform3D(1, 0, 0, 0, 1, 0, 0, 0, 1, -0.192394, -0.195603, 3.99332)
body_offset = Transform3D(0.298903, 0.100852, 0.948255, -0.0435402, 0.99433, -0.0921784, -0.952241, -0.0136451, 0.300002, -3.70945, 0.554214, -1.38388)

[node name="Physical Bone RightArm" parent="UnitVisual/y bot 2/Armature/Skeleton3D" index="14"]
transform = Transform3D(-0.349181, -0.709437, 0.611803, -0.905247, 0.0869695, -0.415669, 0.241651, -0.698837, -0.672257, -17.0548, -9.54825, -134.973)
joint_offset = Transform3D(1, 0, 0, 0, 1, 0, 0, 0, 1, 2.40882, -0.0248868, 11.6822)
body_offset = Transform3D(0.0998374, -0.0336693, 0.993975, 0.0450607, 0.998179, 0.0289157, -0.99388, 0.0417538, 0.100955, -11.8532, -0.421501, 1.21574)

[node name="Physical Bone RightForeArm" parent="UnitVisual/y bot 2/Armature/Skeleton3D" index="15"]
transform = Transform3D(-0.510603, -0.70798, -0.487116, 0.620354, 0.0888303, -0.778399, 0.595098, -0.700003, 0.393559, -18.7043, 6.85211, -131.182)
joint_offset = Transform3D(1, 0, 0, 0, 1, 0, 0, 0, 1, 1.9257, 0.907034, 13.9118)
body_offset = Transform3D(0.00877923, -0.0389036, 0.998233, -0.038901, 0.998037, 0.0394254, -0.999053, -0.0392354, 0.00719109, -13.8689, -1.37882, 1.85942)

[node name="Physical Bone RightHand" parent="UnitVisual/y bot 2/Armature/Skeleton3D" index="16"]
transform = Transform3D(0.0902258, -0.990127, -0.0490033, 0.093569, 0.0574602, -0.98897, 0.987135, 0.0848947, 0.0983515, -11.673, 23.9292, -137.396)
joint_offset = Transform3D(1, 0, 0, 0, 1, 0, 0, 0, 1, -0.300945, 2.35611, 5.35208)
body_offset = Transform3D(0.00950553, -0.0269897, 0.994644, 0.0105702, 0.994999, 0.0269214, -0.995555, 0.0104633, 0.00965439, -5.25696, -2.48523, -0.375931)

[node name="Physical Bone RightUpLeg" parent="UnitVisual/y bot 2/Armature/Skeleton3D" index="17"]
transform = Transform3D(0.991945, 0.062231, 0.109609, 0.0512533, -0.992698, 0.101744, 0.115291, -0.0950178, -0.988296, -9.78674, -4.81436, -70.1909)
joint_offset = Transform3D(1, 0, 0, 0, 1, 0, 0, 0, 1, -0.605633, 1.87805, 22.6784)
body_offset = Transform3D(0.843118, -0.533739, 0.0618234, 0.0394469, 0.17577, 0.98312, -0.536161, -0.826183, 0.169551, 0.11095, -22.6018, -2.61826)

[node name="Physical Bone RightLeg" parent="UnitVisual/y bot 2/Armature/Skeleton3D" index="18"]
transform = Transform3D(0.744525, 0.665361, -0.0463792, 0.629974, -0.678872, 0.375562, 0.21839, -0.308986, -0.925117, -10.3757, -13.5869, -30.8781)
joint_offset = Transform3D(1, 0, 0, 0, 1, 0, 0, 0, 1, -0.271206, -3.57097, 24.8464)
body_offset = Transform3D(0.987152, 0.0996155, 0.120594, -0.116139, -0.0491008, 0.99153, 0.104508, -0.993333, -0.0369492, -2.37287, -24.8428, -2.60077)

[node name="Physical Bone RightFoot" parent="UnitVisual/y bot 2/Armature/Skeleton3D" index="19"]
transform = Transform3D(-0.51711, -0.73449, 0.438684, -0.847645, 0.370836, -0.37696, 0.114215, -0.566289, -0.814851, -12.1917, -18.6397, -5.90476)
joint_offset = Transform3D(1, 0, 0, 0, 1, 0, 0, 0, 1, -5.40512, 0.643221, 9.36338)
body_offset = Transform3D(-0.989505, -0.13373, -0.0457241, -0.114233, 0.566114, 0.814971, -0.0823441, 0.811979, -0.576417, -4.83424, -8.61246, 4.42985)

[node name="Physical Bone RightToeBase" parent="UnitVisual/y bot 2/Armature/Skeleton3D" index="20"]
transform = Transform3D(-0.522438, -0.311988, 0.79279, -0.845106, 0.0720389, -0.527978, 0.107813, -0.946715, -0.301335, -19.1016, -13.3501, 1.22695)
joint_offset = Transform3D(1, 0, 0, 0, 1, 0, 0, 0, 1, -4.7583, 4.29876, 2.22622)
body_offset = Transform3D(-0.990598, -0.125861, 0.0411801, -0.107831, 0.946646, 0.301544, -0.076543, 0.294645, -0.951554, -4.26419, -5.25381, 0.487546)

[node name="Physical Bone LeftUpLeg" parent="UnitVisual/y bot 2/Armature/Skeleton3D" index="21"]
transform = Transform3D(0.763978, 0.644988, 0.0183225, 0.54209, -0.656469, 0.523873, 0.350161, -0.39019, -0.85093, 6.64053, -0.780199, -76.2755)
joint_offset = Transform3D(1, 0, 0, 0, 1, 0, 0, 0, 1, -1.92, 1.07657, 18.7555)
body_offset = Transform3D(0.633876, 0.772947, -0.0243598, -0.62421, 0.529441, 0.57383, 0.456836, -0.348502, 0.817915, 0.841797, -12.531, -14.0881)

[node name="Physical Bone LeftLeg" parent="UnitVisual/y bot 2/Armature/Skeleton3D" index="22"]
transform = Transform3D(0.937316, 0.0354144, -0.345682, -0.28306, -0.49908, -0.818244, -0.201634, 0.864592, -0.458042, 21.6194, 53.6572, -13.4263)
joint_offset = Transform3D(1, 0, 0, 0, 1, 0, 0, 0, 1, 7.89113, -21.6539, 48.6393)
body_offset = Transform3D(0.980461, 0.0852385, -0.175434, 0.16501, -0.840999, 0.513328, -0.103957, -0.532269, -0.839369, 2.64179, -44.4809, 30.121)

[node name="Physical Bone LeftFoot" parent="UnitVisual/y bot 2/Armature/Skeleton3D" index="23"]
transform = Transform3D(-0.923, 0.347844, -0.161676, -0.239899, -0.851639, -0.463842, -0.299782, -0.3897, 0.868952, 15.3318, 78.1778, -26.4724)
joint_offset = Transform3D(1, 0, 0, 0, 1, 0, 0, 0, 1, 11.7336, 41.886, 37.2435)
body_offset = Transform3D(-0.853714, 0.515949, -0.0625565, 0.299797, 0.389759, -0.868921, -0.425022, -0.7616, -0.487268, -9.26412, 12.5185, 55.035)

[node name="Physical Bone LeftToeBase" parent="UnitVisual/y bot 2/Armature/Skeleton3D" index="24"]
transform = Transform3D(-0.939142, -0.31086, 0.143469, 0.301515, -0.949256, -0.0838186, 0.162211, -0.0356477, 0.984972, 16.2055, 86.7771, -14.4969)
joint_offset = Transform3D(1, 0, 0, 0, 1, 0, 0, 0, 1, -13.7406, 49.1407, 15.248)
body_offset = Transform3D(-0.981127, -0.108472, 0.157684, -0.162234, 0.0357132, -0.984966, 0.101401, -0.99295, -0.0525051, -10.5553, 11.0346, 50.9882)

[node name="AnimationTree" type="AnimationTree" parent="UnitVisual"]
tree_root = SubResource("17")
anim_player = NodePath("../y bot 2/AnimationPlayer")
active = true
root_motion_track = NodePath("Armature/Skeleton3D:RootMotion")
parameters/playback = SubResource("20")
script = ExtResource("1")

[node name="muzzle flesh" parent="UnitVisual" instance=ExtResource("5")]
transform = Transform3D(0.5, 0, 0, 0, 0.5, 0, 0, 0, 0.5, 0, 1.43548, -0.741855)

[node name="HitPoints" type="Node3D" parent="UnitVisual"]

[node name="Head" type="Marker3D" parent="UnitVisual/HitPoints"]
transform = Transform3D(1, 0, 0, 0, 1, 0, 0, 0, 1, 0.100906, 1.63873, -0.109712)

[node name="RightShoulder" type="Marker3D" parent="UnitVisual/HitPoints"]
transform = Transform3D(1, 0, 0, 0, 1, 0, 0, 0, 1, -0.144435, 1.44851, -0.0819025)

[node name="RightArm" type="Marker3D" parent="UnitVisual/HitPoints"]
transform = Transform3D(1, 0, 0, 0, 1, 0, 0, 0, 1, 0.0425591, 1.4118, -0.515205)

[node name="LeftShoulder" type="Marker3D" parent="UnitVisual/HitPoints"]
transform = Transform3D(1, 0, 0, 0, 1, 0, 0, 0, 1, 0.138906, 1.44851, 0.103715)

[node name="LeftArm" type="Marker3D" parent="UnitVisual/HitPoints"]
transform = Transform3D(1, 0, 0, 0, 1, 0, 0, 0, 1, 0.171199, 1.35166, -0.170359)

[node name="Spine0" type="Marker3D" parent="UnitVisual/HitPoints"]
transform = Transform3D(1, 0, 0, 0, 1, 0, 0, 0, 1, 0.0352084, 0.888441, 0.0549993)

[node name="Spine1" type="Marker3D" parent="UnitVisual/HitPoints"]
transform = Transform3D(1, 0, 0, 0, 1, 0, 0, 0, 1, 0.00989328, 1.19108, 0.0549993)

[node name="Spine2" type="Marker3D" parent="UnitVisual/HitPoints"]
transform = Transform3D(1, 0, 0, 0, 1, 0, 0, 0, 1, 0.0423249, 1.42015, 0.0214574)

[node name="LeftLeg" type="Marker3D" parent="UnitVisual/HitPoints"]
transform = Transform3D(1, 0, 0, 0, 1, 0, 0, 0, 1, 0.114915, 0.749765, 0.0390549)

[node name="LeftFoot" type="Marker3D" parent="UnitVisual/HitPoints"]
transform = Transform3D(1, 0, 0, 0, 1, 0, 0, 0, 1, 0.0919117, 0.365846, 0.0903732)

[node name="RigthLeg" type="Marker3D" parent="UnitVisual/HitPoints"]
transform = Transform3D(1, 0, 0, 0, 1, 0, 0, 0, 1, -0.108194, 0.737749, -0.163077)

[node name="RightFoot" type="Marker3D" parent="UnitVisual/HitPoints"]
transform = Transform3D(1, 0, 0, 0, 1, 0, 0, 0, 1, -0.107799, 0.354459, -0.212042)

[node name="HeadPoint" type="Marker3D" parent="UnitVisual"]
transform = Transform3D(-1, 0, -8.74228e-08, 0, 1, 0, 8.74228e-08, 0, -1, 0.0945676, 1.57308, -0.141629)

[node name="UnitArea" type="Area3D" parent="."]
collision_layer = 8

[node name="CollisionShape3D" type="CollisionShape3D" parent="UnitArea"]
transform = Transform3D(1, 0, 0, 0, -4.37114e-08, -1, 0, 1, -4.37114e-08, 0, 0.8, 0)
shape = SubResource("7")

[node name="PositionUI" type="Marker3D" parent="."]
transform = Transform3D(1, 0, 0, 0, 1, 0, 0, 0, 1, 0, 1.87442, 0)

[node name="NavigationAgent3d" type="NavigationAgent3D" parent="."]

[editable path="UnitVisual/y bot 2"]
