[gd_scene load_steps=19 format=2]

[ext_resource path="res://scripts/units/UnitAnimator.gd" type="Script" id=1]
[ext_resource path="res://data/models/player2/y bot 2.tscn" type="PackedScene" id=3]
[ext_resource path="res://scripts/units/UnitObject.gd" type="Script" id=4]
[ext_resource path="res://data/vfx/muzzle flesh.tscn" type="PackedScene" id=5]
[ext_resource path="res://scripts/units/UnitVisual.gd" type="Script" id=6]

[sub_resource type="AnimationNodeAnimation" id=21]
animation = "hit"

[sub_resource type="AnimationNodeAnimation" id=8]
animation = "idle-loop"

[sub_resource type="AnimationNodeAnimation" id=9]
animation = "shoot-loop"

[sub_resource type="AnimationNodeAnimation" id=10]
animation = "running-loop"

[sub_resource type="AnimationNodeStateMachineTransition" id=11]
xfade_time = 0.3

[sub_resource type="AnimationNodeStateMachineTransition" id=13]
switch_mode = 2
auto_advance = true
xfade_time = 0.3

[sub_resource type="AnimationNodeStateMachineTransition" id=14]
xfade_time = 0.3

[sub_resource type="AnimationNodeStateMachineTransition" id=16]
xfade_time = 0.3

[sub_resource type="AnimationNodeStateMachineTransition" id=22]

[sub_resource type="AnimationNodeStateMachineTransition" id=23]
switch_mode = 2
auto_advance = true

[sub_resource type="AnimationNodeStateMachine" id=17]
states/Hit/node = SubResource( 21 )
states/Hit/position = Vector2( 200.026, -92.2599 )
states/Idle/node = SubResource( 8 )
states/Idle/position = Vector2( 200, 48.5 )
states/Shooting/node = SubResource( 9 )
states/Shooting/position = Vector2( 505, 5 )
states/Walking/node = SubResource( 10 )
states/Walking/position = Vector2( 514.875, 140.5 )
transitions = [ "Idle", "Walking", SubResource( 11 ), "Shooting", "Idle", SubResource( 13 ), "Walking", "Idle", SubResource( 14 ), "Idle", "Shooting", SubResource( 16 ), "Idle", "Hit", SubResource( 22 ), "Hit", "Idle", SubResource( 23 ) ]
start_node = "Idle"
graph_offset = Vector2( -318.015, -107.38 )

[sub_resource type="AnimationNodeStateMachinePlayback" id=20]

[sub_resource type="CapsuleShape" id=7]
radius = 0.350318

[node name="UnitObject" type="Spatial"]
script = ExtResource( 4 )
player_color = Color( 0.196078, 0.729412, 0.913725, 1 )
enemy_color = Color( 0.870588, 0.431373, 0.431373, 1 )

[node name="UnitVisual" type="Spatial" parent="."]
script = ExtResource( 6 )
path_to_mesh = NodePath("y bot 2/Armature/Skeleton/Alpha_Surface")
path_vfx_muzzle_flesh = NodePath("muzzle flesh")

[node name="y bot 2" parent="UnitVisual" instance=ExtResource( 3 )]
transform = Transform( -1, 0, -8.74228e-08, 0, 1, 0, 8.74228e-08, 0, -1, 0, 0, 0 )

[node name="Physical Bone RootMotion" parent="UnitVisual/y bot 2/Armature/Skeleton" index="2"]
transform = Transform( 0.986339, -0.164723, -0.00098374, 0.164726, 0.986322, 0.00589038, -7.10543e-15, -0.00597196, 0.999982, 0.000450914, 0.244352, -99.1304 )
joint_offset = Transform( 1, 0, 0, 0, 1, 0, 0, 0, 1, 4.86034e-09, 3.00352e-08, 0.458367 )
body_offset = Transform( 0.986339, -0.164723, -0.00098374, 7.10543e-15, 0.00597196, -0.999982, 0.164726, 0.986322, 0.00589038, 0.000450914, 0.458359, -0.00269999 )

[node name="Physical Bone Hips" parent="UnitVisual/y bot 2/Armature/Skeleton" index="3"]
transform = Transform( 0.842997, -0.528441, -0.100524, 0.533799, 0.798727, 0.277656, -0.0664334, -0.287723, 0.955406, 0.503477, -1.14649, -104.365 )
joint_offset = Transform( 1, 0, 0, 0, 1, 0, 0, 0, 1, -1.5609e-06, -2.98023e-07, 4.99953 )
body_offset = Transform( 0.990685, 0.113454, 0.0753008, 0.0686134, 0.0617444, -0.99573, -0.117619, 0.991622, 0.0533849, -0.376467, 4.97818, -0.266899 )

[node name="Physical Bone Spine" parent="UnitVisual/y bot 2/Armature/Skeleton" index="4"]
transform = Transform( 0.785825, -0.611632, 0.0915717, 0.599424, 0.789699, 0.130642, -0.152219, -0.0477714, 0.987192, 0.468884, -3.30099, -114.933 )
joint_offset = Transform( 1, 0, 0, 0, 1, 0, 0, 0, 1, 7.80834e-06, -1.90735e-06, 5.86599 )
body_offset = Transform( 1, 9.64999e-05, 1.16751e-05, -3.72529e-09, 0.121236, -0.992624, -9.6947e-05, 0.992624, 0.121236, -7.62939e-05, 5.82272, -0.711167 )

[node name="Physical Bone Spine1" parent="UnitVisual/y bot 2/Armature/Skeleton" index="5"]
transform = Transform( 0.758201, -0.640803, 0.12043, 0.631609, 0.767681, 0.108328, -0.161869, -0.00607024, 0.986793, -0.87869, -4.79632, -127.364 )
joint_offset = Transform( 1, 0, 0, 0, 1, 0, 0, 0, 1, 5.56882e-06, -4.41074e-06, 6.7294 )
body_offset = Transform( 1, -5.81741e-05, -7.06315e-06, -7.45058e-09, 0.120847, -0.992671, 5.85914e-05, 0.992671, 0.120847, 4.19617e-05, 6.68008, -0.813223 )

[node name="Physical Bone Spine2" parent="UnitVisual/y bot 2/Armature/Skeleton" index="6"]
transform = Transform( -0.729181, 0.631587, 0.263423, -0.662744, -0.747671, -0.0419133, 0.170482, -0.205144, 0.963769, -3.67183, -5.20985, -141.259 )
joint_offset = Transform( 1, 0, 0, 0, 1, 0, 0, 0, 1, -2.70204e-06, -1.41859e-05, 7.52679 )
body_offset = Transform( -1, -3.16501e-05, -1.62609e-06, 1.9907e-08, 0.052673, -0.998612, 3.17693e-05, -0.998612, -0.052673, 9.53674e-06, 7.51634, 0.396444 )

[node name="Physical Bone Neck" parent="UnitVisual/y bot 2/Armature/Skeleton" index="7"]
transform = Transform( -0.878893, 0.294283, 0.375424, -0.453548, -0.759358, -0.466551, 0.147783, -0.580322, 0.800866, -7.67985, -2.37742, -152.833 )
joint_offset = Transform( 1, 0, 0, 0, 1, 0, 0, 0, 1, -4.06685e-06, 3.27826e-05, 5.39477 )
body_offset = Transform( -1, -2.98023e-08, -2.23517e-07, -2.98023e-08, 0.291247, -0.956648, -2.38419e-07, -0.956648, -0.291247, -2.86102e-06, 5.16089, 1.57124 )

[node name="Physical Bone Head" parent="UnitVisual/y bot 2/Armature/Skeleton" index="8"]
transform = Transform( -0.886467, -0.0204128, 0.462277, -0.348503, -0.627793, -0.69583, 0.304502, -0.777936, 0.549404, -12.8161, 5.54095, -160.028 )
joint_offset = Transform( 1, 0, 0, 0, 1, 0, 0, 0, 1, -7.09188e-06, 1.09151, 6.77782 )
body_offset = Transform( -1, 2.98023e-08, 7.45058e-08, -4.47035e-08, 0.338, -0.941, -5.96046e-08, -0.941, -0.338, -7.62939e-06, 6.009, 3.31802 )

[node name="Physical Bone LeftShoulder" parent="UnitVisual/y bot 2/Armature/Skeleton" index="9"]
transform = Transform( -0.637727, -0.0818727, -0.765898, 0.743073, 0.196458, -0.639724, 0.202843, -0.977087, -0.0644495, 5.16331, 3.20564, -143.387 )
joint_offset = Transform( 1, 0, 0, 0, 1, 0, 0, 0, 1, -2.98023e-06, 1.95578e-08, 6.46114 )
body_offset = Transform( 0.201317, 0.0201579, -0.979319, 1.49012e-08, 0.999788, 0.0205792, 0.979526, -0.0041429, 0.201274, 6.32752, -0.132965, -1.30046 )

[node name="Physical Bone LeftArm" parent="UnitVisual/y bot 2/Armature/Skeleton" index="10"]
transform = Transform( -0.706207, 0.707408, 0.0290816, 0.27004, 0.307097, -0.912562, -0.654484, -0.636604, -0.407902, 9.71341, 19.8432, -137.382 )
joint_offset = Transform( 1, 0, 0, 0, 1, 0, 0, 0, 1, 1.62797e-05, 5.8465e-06, 13.7023 )
body_offset = Transform( 2.98023e-08, -1.10269e-06, -1, -8.9407e-08, 1, -9.83477e-07, 1, -8.9407e-08, -7.45058e-08, 13.7023, 7.62939e-06, -1.52588e-05 )

[node name="Physical Bone LeftForeArm" parent="UnitVisual/y bot 2/Armature/Skeleton" index="11"]
transform = Transform( -0.322906, 0.707408, 0.628733, -0.660773, 0.307097, -0.684886, -0.677576, -0.636604, 0.368274, 0.63387, 41.8038, -136.877 )
joint_offset = Transform( 1, 0, 0, 0, 1, 0, 0, 0, 1, 1.35791e-05, 1.70767e-05, 13.8072 )
body_offset = Transform( -4.76837e-07, -1.08778e-06, -1, 2.5332e-07, 1, -1.2368e-06, 1, 1.3411e-07, -9.83477e-07, 13.8072, 0, 0 )

[node name="Physical Bone LeftHand" parent="UnitVisual/y bot 2/Armature/Skeleton" index="12"]
transform = Transform( 0.755653, 0.0286117, 0.654346, 0.654961, -0.0387515, -0.754668, 0.00376462, 0.998839, -0.0480221, -12.227, 56.0809, -141.655 )
joint_offset = Transform( 1, 0, 0, 0, 1, 0, 0, 0, 1, -1.16408e-06, -0.000114479, 6.38778 )
body_offset = Transform( -1.37091e-06, -1.19768e-06, -1, -3.72529e-09, 1, -1.18837e-06, 1, 0, -1.60933e-06, 6.38778, 0.00012207, 1.14441e-05 )

[node name="Physical Bone RightShoulder" parent="UnitVisual/y bot 2/Armature/Skeleton" index="13"]
transform = Transform( 0.706222, -0.403811, 0.581538, -0.672952, -0.127674, 0.728583, -0.219962, -0.905889, -0.361912, -12.4468, -13.7286, -139.383 )
joint_offset = Transform( 1, 0, 0, 0, 1, 0, 0, 0, 1, -2.6226e-06, 5.32698e-05, 6.46114 )
body_offset = Transform( 0.201315, -0.0201637, 0.979319, -2.98023e-08, 0.999788, 0.0205851, -0.979526, -0.00414407, 0.201272, -6.32752, -0.133057, -1.30045 )

[node name="Physical Bone RightArm" parent="UnitVisual/y bot 2/Armature/Skeleton" index="14"]
transform = Transform( -0.342363, -0.78996, 0.508675, -0.784852, -0.0571777, -0.617039, 0.516521, -0.610487, -0.600426, -23.1742, -9.98118, -128.818 )
joint_offset = Transform( 1, 0, 0, 0, 1, 0, 0, 0, 1, 2.94319e-05, 2.96535e-05, 13.7023 )
body_offset = Transform( -4.47035e-07, 1.11014e-06, 1, -4.09782e-08, 1, -1.05053e-06, -1, -1.2666e-07, -3.57628e-07, -13.7023, -1.52588e-05, 3.43323e-05 )

[node name="Physical Bone RightForeArm" parent="UnitVisual/y bot 2/Armature/Skeleton" index="15"]
transform = Transform( -0.462599, -0.78996, -0.402448, 0.709069, -0.0571772, -0.702817, 0.532186, -0.610486, 0.586586, -24.5877, 8.17764, -128.69 )
joint_offset = Transform( 1, 0, 0, 0, 1, 0, 0, 0, 1, 8.26352e-06, 1.90312e-06, 13.8072 )
body_offset = Transform( -7.45058e-07, 2.90573e-07, 1, 5.21541e-08, 1, -1.37836e-07, -1, -7.45058e-08, -5.06639e-07, -13.8072, 0, 1.52588e-05 )

[node name="Physical Bone RightHand" parent="UnitVisual/y bot 2/Armature/Skeleton" index="16"]
transform = Transform( 0.10226, -0.994254, -0.0316507, 0.104785, 0.0424069, -0.99359, 0.989223, 0.0982881, 0.10852, -18.8288, 24.2284, -137.482 )
joint_offset = Transform( 1, 0, 0, 0, 1, 0, 0, 0, 1, 2.08563e-05, -3.51387e-07, 6.38776 )
body_offset = Transform( -1.46776e-06, 1.45659e-06, 1, -1.53668e-08, 1, -1.43796e-06, -1, 6.0536e-09, -1.51247e-06, -6.38776, 9.53674e-06, 3.05176e-05 )

[node name="Physical Bone RightUpLeg" parent="UnitVisual/y bot 2/Armature/Skeleton" index="17"]
transform = Transform( 0.983026, 0.0883329, 0.160799, 0.161541, -0.832211, -0.530405, 0.086967, 0.547378, -0.832354, -11.1577, 7.27392, -75.5302 )
joint_offset = Transform( 1, 0, 0, 0, 1, 0, 0, 0, 1, -3.20375e-06, -1.51396e-05, 20.2997 )
body_offset = Transform( 0.903087, -0.429414, 0.00602677, 8.9407e-08, 0.0140333, 0.999901, -0.429457, -0.902999, 0.0126734, -0.122345, -20.2977, -0.257282 )

[node name="Physical Bone RightLeg" parent="UnitVisual/y bot 2/Armature/Skeleton" index="18"]
transform = Transform( 0.776023, 0.611353, -0.155033, 0.627814, -0.72526, 0.282569, 0.0603104, -0.316612, -0.946636, -11.1586, 12.0931, -38.7074 )
joint_offset = Transform( 1, 0, 0, 0, 1, 0, 0, 0, 1, -2.5332e-07, -7.51019e-06, 21.0495 )
body_offset = Transform( 0.993022, 0.117786, -0.00581171, 0, 0.0492816, 0.998785, 0.117929, -0.991815, 0.0489377, 0.122334, -21.0239, -1.03012 )

[node name="Physical Bone RightFoot" parent="UnitVisual/y bot 2/Armature/Skeleton" index="19"]
transform = Transform( -0.825374, -0.355967, 0.438228, -0.564543, 0.529927, -0.632826, -0.0069637, -0.769718, -0.638346, -11.4957, 11.3444, -13.5365 )
joint_offset = Transform( 1, 0, 0, 0, 1, 0, 0, 0, 1, 1.49012e-07, 7.62939e-06, 8.21603 )
body_offset = Transform( -0.999564, -0.0188514, 0.0227214, -7.21775e-09, 0.769605, 0.63852, -0.0295235, 0.638242, -0.769269, -0.186679, -5.2461, 6.32033 )

[node name="Physical Bone RightToeBase" parent="UnitVisual/y bot 2/Armature/Skeleton" index="20"]
transform = Transform( -0.841682, 0.11183, 0.528266, -0.539928, -0.161679, -0.826037, -0.00696665, -0.980486, 0.196463, -17.7355, 20.6709, -9.27339 )
joint_offset = Transform( 1, 0, 0, 0, 1, 0, 0, 0, 1, 3.60552e-06, 2.39836e-06, 4.99626 )
body_offset = Transform( -1, 8.9407e-08, 1.49012e-07, -4.47035e-08, 1, -1.93715e-07, -2.98023e-08, -1.49012e-08, -1, 2.86102e-06, -1.43051e-06, 4.99626 )

[node name="Physical Bone LeftUpLeg" parent="UnitVisual/y bot 2/Armature/Skeleton" index="21"]
transform = Transform( 0.910041, 0.413927, 0.0221548, 0.359166, -0.760708, -0.540669, -0.206944, 0.499988, -0.840944, 7.04047, 17.2235, -76.5681 )
joint_offset = Transform( 1, 0, 0, 0, 1, 0, 0, 0, 1, 9.69321e-06, -1.79708e-05, 20.2997 )
body_offset = Transform( 0.903896, 0.427711, -0.00602672, 1.49012e-08, 0.0140891, 0.999901, 0.427753, -0.903806, 0.0127352, 0.12234, -20.2977, -0.258541 )

[node name="Physical Bone LeftLeg" parent="UnitVisual/y bot 2/Armature/Skeleton" index="22"]
transform = Transform( 0.99591, 0.0840724, -0.0331075, 0.0823688, -0.694116, 0.715135, 0.037142, -0.714936, -0.698202, 7.28763, 13.1457, -44.8004 )
joint_offset = Transform( 1, 0, 0, 0, 1, 0, 0, 0, 1, -3.8445e-06, 1.77622e-05, 21.0495 )
body_offset = Transform( 0.993005, -0.117932, 0.0058118, 7.45058e-08, 0.0492209, 0.998788, -0.118076, -0.991801, 0.0488764, -0.12233, -21.024, -1.02881 )

[node name="Physical Bone LeftFoot" parent="UnitVisual/y bot 2/Armature/Skeleton" index="23"]
transform = Transform( -0.939012, -0.317329, -0.132506, -0.323192, 0.946009, 0.0247939, 0.117484, 0.0661057, -0.990872, 9.0732, -2.11123, -21.9625 )
joint_offset = Transform( 1, 0, 0, 0, 1, 0, 0, 0, 1, 1.17719e-06, -1.43051e-06, 8.21602 )
body_offset = Transform( -0.999564, 0.0188516, -0.0227214, -7.45058e-08, 0.769605, 0.638521, 0.0295235, 0.638242, -0.769269, 0.186681, -5.2461, 6.32033 )

[node name="Physical Bone LeftToeBase" parent="UnitVisual/y bot 2/Armature/Skeleton" index="24"]
transform = Transform( -0.965872, -0.146763, 0.213429, -0.259011, 0.540439, -0.800524, 0.00214214, -0.828484, -0.560009, 9.09553, 1.68469, -11.0236 )
joint_offset = Transform( 1, 0, 0, 0, 1, 0, 0, 0, 1, 6.55874e-07, -1.31175e-06, 4.99626 )
body_offset = Transform( -1, 5.96046e-08, -5.96046e-08, 0, 1, -1.19209e-07, 5.96046e-08, -2.98023e-08, -1, 9.53674e-07, 1.90735e-06, 4.99626 )

[node name="AnimationTree" type="AnimationTree" parent="UnitVisual"]
tree_root = SubResource( 17 )
anim_player = NodePath("../y bot 2/AnimationPlayer")
active = true
root_motion_track = NodePath("Armature/Skeleton:RootMotion")
parameters/playback = SubResource( 20 )
script = ExtResource( 1 )

[node name="muzzle flesh" parent="UnitVisual" instance=ExtResource( 5 )]
transform = Transform( 0.5, 0, 0, 0, 0.5, 0, 0, 0, 0.5, 0, 1.43548, -0.741855 )

[node name="UnitArea" type="Area" parent="."]

[node name="CollisionShape" type="CollisionShape" parent="UnitArea"]
transform = Transform( 1, 0, 0, 0, -4.37114e-08, -1, 0, 1, -4.37114e-08, 0, 0.8, 0 )
shape = SubResource( 7 )

[node name="PositionUI" type="Position3D" parent="."]
transform = Transform( 1, 0, 0, 0, 1, 0, 0, 0, 1, 0, 1.87442, 0 )

[editable path="UnitVisual/y bot 2"]
