[gd_scene load_steps=25 format=3 uid="uid://bbew76llhdkcq"]

[ext_resource type="PackedScene" uid="uid://c4q0dcpa1ksqc" path="res://data/models/player2/y bot 2.gltf" id="1"]

[sub_resource type="CapsuleShape3D" id="10"]
radius = 0.366693
height = 0.733387

[sub_resource type="CapsuleShape3D" id="11"]
radius = 7.7545
height = 15.509

[sub_resource type="CapsuleShape3D" id="12"]
radius = 4.69279
height = 9.38558

[sub_resource type="CapsuleShape3D" id="13"]
radius = 8.5455
height = 17.091

[sub_resource type="CapsuleShape3D" id="14"]
radius = 6.02135
height = 12.0427

[sub_resource type="CapsuleShape3D" id="15"]
radius = 3.846
height = 8.63165

[sub_resource type="CapsuleShape3D" id="16"]
radius = 3.365
height = 6.73

[sub_resource type="CapsuleShape3D" id="17"]
radius = 5.1689
height = 10.3378

[sub_resource type="CapsuleShape3D" id="18"]
radius = 4.716
height = 21.9237

[sub_resource type="CapsuleShape3D" id="19"]
radius = 3.552
height = 22.0916

[sub_resource type="CapsuleShape3D" id="20"]
radius = 4.44
height = 13.777

[sub_resource type="CapsuleShape3D" id="21"]
radius = 5.1689
height = 10.3378

[sub_resource type="CapsuleShape3D" id="22"]
radius = 5.507
height = 21.9237

[sub_resource type="CapsuleShape3D" id="23"]
radius = 4.737
height = 22.0916

[sub_resource type="CapsuleShape3D" id="24"]
radius = 2.859
height = 10.2204

[sub_resource type="CapsuleShape3D" id="25"]
radius = 7.617
height = 32.4796

[sub_resource type="CapsuleShape3D" id="26"]
radius = 6.582
height = 33.6792

[sub_resource type="CapsuleShape3D" id="27"]
radius = 2.829
height = 13.1456

[sub_resource type="CapsuleShape3D" id="28"]
radius = 1.394
height = 7.99402

[sub_resource type="CapsuleShape3D" id="29"]
radius = 6.827
height = 32.4795

[sub_resource type="CapsuleShape3D" id="30"]
radius = 5.013
height = 33.6792

[sub_resource type="CapsuleShape3D" id="31"]
radius = 3.619
height = 13.1456

[sub_resource type="CapsuleShape3D" id="32"]
radius = 1.394
height = 7.99402

[node name="y bot 2" instance=ExtResource("1")]

[node name="Physical Bone RootMotion" type="PhysicalBone3D" parent="Armature/Skeleton3D" index="2"]
transform = Transform3D(0.986339, -0.164723, -0.00098374, 0.164726, 0.986322, 0.00589038, -8.88178e-15, -0.00597196, 0.999982, 0.000450914, 0.244352, -99.1304)
joint_offset = Transform3D(1, 0, 0, 0, 1, 0, 0, 0, 1, 5.06407e-09, 3.07336e-08, 0.458367)
body_offset = Transform3D(0.986339, -0.164723, -0.00098374, 8.88178e-15, 0.00597196, -0.999982, 0.164726, 0.986322, 0.00589038, 0.000450914, 0.458359, -0.00269999)
bone_name = "RootMotion"

[node name="CollisionShape3D" type="CollisionShape3D" parent="Armature/Skeleton3D/Physical Bone RootMotion" index="0"]
transform = Transform3D(1, 1.49012e-08, 1.74623e-10, -1.49012e-08, 1, 0, -1.16415e-10, 0, 1, 0, 0, 0)
shape = SubResource("10")

[node name="Physical Bone Hips" type="PhysicalBone3D" parent="Armature/Skeleton3D" index="3"]
transform = Transform3D(0.842997, -0.528441, -0.100524, 0.533799, 0.798727, 0.277656, -0.0664334, -0.287723, 0.955404, 0.503476, -1.14649, -104.365)
joint_type = 1
joint_offset = Transform3D(1, 0, 0, 0, 1, 0, 0, 0, 1, -2.23519e-06, -5.24521e-06, 4.99953)
body_offset = Transform3D(1, -5.06639e-07, -2.98023e-08, 2.98023e-08, 0.122745, -0.992436, 4.17233e-07, 0.992438, 0.122745, 2.38419e-06, 4.96172, -0.613665)
bone_name = "Hips"
joint_constraints/bias = 0.3
joint_constraints/damping = 1.0
joint_constraints/impulse_clamp = 0.0

[node name="CollisionShape3D" type="CollisionShape3D" parent="Armature/Skeleton3D/Physical Bone Hips" index="0"]
shape = SubResource("11")

[node name="Physical Bone Spine" type="PhysicalBone3D" parent="Armature/Skeleton3D" index="4"]
transform = Transform3D(0.785825, -0.611631, 0.0915717, 0.599424, 0.789697, 0.130642, -0.152219, -0.0477714, 0.987192, 0.46886, -3.301, -114.933)
joint_type = 1
joint_offset = Transform3D(1, 0, 0, 0, 1, 0, 0, 0, 1, 3.06975e-05, -1.20401e-05, 5.86599)
body_offset = Transform3D(1, 9.64999e-05, 1.16751e-05, -5.58794e-09, 0.121236, -0.992624, -9.6947e-05, 0.992622, 0.121236, -9.91821e-05, 5.82272, -0.711157)
bone_name = "Spine"
joint_constraints/bias = 0.3
joint_constraints/damping = 1.0
joint_constraints/impulse_clamp = 0.0

[node name="CollisionShape3D" type="CollisionShape3D" parent="Armature/Skeleton3D/Physical Bone Spine" index="0"]
shape = SubResource("12")

[node name="Physical Bone Spine1" type="PhysicalBone3D" parent="Armature/Skeleton3D" index="5"]
transform = Transform3D(0.758201, -0.640803, 0.12043, 0.631609, 0.767681, 0.108328, -0.161869, -0.00607024, 0.986793, -0.878689, -4.79632, -127.364)
joint_type = 3
joint_offset = Transform3D(1, 0, 0, 0, 1, 0, 0, 0, 1, 5.31813e-06, -3.27826e-06, 6.72939)
body_offset = Transform3D(1, -5.81741e-05, -7.0259e-06, 9.31323e-10, 0.120847, -0.992671, 5.85616e-05, 0.992671, 0.120847, 4.19617e-05, 6.68007, -0.813223)
bone_name = "Spine1"
joint_constraints/angular_limit_enabled = true
joint_constraints/angular_limit_upper = -25.17
joint_constraints/angular_limit_lower = -96.93
joint_constraints/angular_limit_bias = 0.3
joint_constraints/angular_limit_softness = 0.9
joint_constraints/angular_limit_relaxation = 1.0

[node name="CollisionShape3D" type="CollisionShape3D" parent="Armature/Skeleton3D/Physical Bone Spine1" index="0"]
shape = SubResource("13")

[node name="Physical Bone Spine2" type="PhysicalBone3D" parent="Armature/Skeleton3D" index="6"]
transform = Transform3D(-0.729181, 0.631588, 0.263423, -0.662743, -0.747668, -0.0419204, 0.170482, -0.205144, 0.963769, -3.67415, -5.20901, -141.259)
joint_type = 1
joint_offset = Transform3D(1, 0, 0, 0, 1, 0, 0, 0, 1, -0.0011393, 0.0020034, 7.52761)
body_offset = Transform3D(-0.999999, -2.92361e-05, -6.4075e-06, 3.41097e-08, 0.0526732, -0.998612, 3.21567e-05, -0.998609, -0.0526783, -0.001091, 7.51706, 0.398542)
bone_name = "Spine2"
joint_constraints/bias = 0.3
joint_constraints/damping = 1.0
joint_constraints/impulse_clamp = 0.0

[node name="CollisionShape3D" type="CollisionShape3D" parent="Armature/Skeleton3D/Physical Bone Spine2" index="0"]
shape = SubResource("14")

[node name="Physical Bone Neck" type="PhysicalBone3D" parent="Armature/Skeleton3D" index="7"]
transform = Transform3D(-0.878893, 0.294283, 0.375424, -0.453547, -0.759357, -0.466551, 0.147783, -0.580321, 0.800865, -7.67987, -2.37741, -152.833)
joint_type = 3
joint_offset = Transform3D(1, 0, 0, 0, 1, 0, 0, 0, 1, -1.13747e-05, 4.26769e-05, 5.39478)
body_offset = Transform3D(-0.999999, 2.08616e-07, -1.63913e-07, 1.63913e-07, 0.291247, -0.956647, 1.78814e-07, -0.956648, -0.291247, -1.04904e-05, 5.16089, 1.57125)
bone_name = "Neck"
joint_constraints/angular_limit_enabled = true
joint_constraints/angular_limit_upper = 41.21
joint_constraints/angular_limit_lower = -68.9
joint_constraints/angular_limit_bias = 0.3
joint_constraints/angular_limit_softness = 0.9
joint_constraints/angular_limit_relaxation = 1.0

[node name="CollisionShape3D" type="CollisionShape3D" parent="Armature/Skeleton3D/Physical Bone Neck" index="0"]
shape = SubResource("15")

[node name="Physical Bone Head" type="PhysicalBone3D" parent="Armature/Skeleton3D" index="8"]
transform = Transform3D(-0.886468, -0.0204129, 0.462277, -0.348503, -0.627794, -0.69583, 0.304501, -0.777936, 0.549404, -12.8161, 5.54096, -160.028)
joint_type = 1
joint_offset = Transform3D(1, 0, 0, 0, 1, 0, 0, 0, 1, -2.36744e-06, 1.09153, 6.77781)
body_offset = Transform3D(-1, -4.32134e-07, 2.83122e-07, 5.21541e-07, 0.338, -0.941, -1.78814e-07, -0.941001, -0.338, -3.8147e-06, 6.00898, 3.31803)
bone_name = "Head"
joint_constraints/bias = 0.3
joint_constraints/damping = 1.0
joint_constraints/impulse_clamp = 0.0

[node name="CollisionShape3D" type="CollisionShape3D" parent="Armature/Skeleton3D/Physical Bone Head" index="0"]
shape = SubResource("16")

[node name="Physical Bone LeftShoulder" type="PhysicalBone3D" parent="Armature/Skeleton3D" index="9"]
transform = Transform3D(-0.637729, -0.0818726, -0.765898, 0.743071, 0.196458, -0.639723, 0.202843, -0.977087, -0.0644494, 5.1633, 3.20565, -143.387)
joint_type = 1
joint_offset = Transform3D(1, 0, 0, 0, 1, 0, 0, 0, 1, -1.34706e-05, 5.28991e-07, 6.46114)
body_offset = Transform3D(0.201314, 0.020158, -0.979319, -5.36442e-07, 0.999788, 0.0205791, 0.979526, -0.00414299, 0.201274, 6.32752, -0.132965, -1.30045)
bone_name = "LeftShoulder"
joint_constraints/bias = 0.3
joint_constraints/damping = 1.0
joint_constraints/impulse_clamp = 0.0

[node name="CollisionShape3D" type="CollisionShape3D" parent="Armature/Skeleton3D/Physical Bone LeftShoulder" index="0"]
shape = SubResource("17")

[node name="Physical Bone LeftArm" type="PhysicalBone3D" parent="Armature/Skeleton3D" index="10"]
transform = Transform3D(-0.706188, 0.707405, 0.0290838, 0.270021, 0.30709, -0.912539, -0.654467, -0.636604, -0.407892, 9.71341, 19.8432, -137.381)
joint_type = 3
joint_offset = Transform3D(1, 0, 0, 0, 1, 0, 0, 0, 1, 5.52257e-05, -1.79682e-05, 13.7027)
body_offset = Transform3D(-1.04457e-05, -7.00355e-06, -0.999975, -3.18885e-06, 0.999996, 1.3113e-06, 0.99997, 8.9407e-08, -1.80304e-06, 13.7023, 0, -3.05176e-05)
bone_name = "LeftArm"
joint_constraints/angular_limit_enabled = true
joint_constraints/angular_limit_upper = -85.09
joint_constraints/angular_limit_lower = -180.0
joint_constraints/angular_limit_bias = 0.3
joint_constraints/angular_limit_softness = 0.9
joint_constraints/angular_limit_relaxation = 1.0

[node name="CollisionShape3D" type="CollisionShape3D" parent="Armature/Skeleton3D/Physical Bone LeftArm" index="0"]
shape = SubResource("18")

[node name="Physical Bone LeftForeArm" type="PhysicalBone3D" parent="Armature/Skeleton3D" index="11"]
transform = Transform3D(-0.322904, 0.7074, 0.628697, -0.66068, 0.307092, -0.684828, -0.677521, -0.63659, 0.368197, 0.634323, 41.8028, -136.877)
joint_type = 3
joint_offset = Transform3D(1, 0, 0, 0, 1, 0, 0, 0, 1, -0.000453966, -0.000224144, 13.8073)
body_offset = Transform3D(4.18425e-05, -4.47035e-06, -0.99991, -4.94719e-06, 0.999984, 4.05461e-05, 0.9999, -3.8594e-06, 2.45869e-05, 13.806, -0.000335693, 0.000114441)
bone_name = "LeftForeArm"
joint_constraints/angular_limit_enabled = true
joint_constraints/angular_limit_upper = 180.0
joint_constraints/angular_limit_lower = 115.76
joint_constraints/angular_limit_bias = 0.3
joint_constraints/angular_limit_softness = 0.9
joint_constraints/angular_limit_relaxation = 1.0

[node name="CollisionShape3D" type="CollisionShape3D" parent="Armature/Skeleton3D/Physical Bone LeftForeArm" index="0"]
shape = SubResource("19")

[node name="Physical Bone LeftHand" type="PhysicalBone3D" parent="Armature/Skeleton3D" index="12"]
transform = Transform3D(0.755653, 0.0286116, 0.654346, 0.654961, -0.0387513, -0.754668, 0.00376465, 0.998839, -0.0480219, -12.227, 56.0809, -141.655)
joint_type = 3
joint_offset = Transform3D(1, 0, 0, 0, 1, 0, 0, 0, 1, 3.98686e-06, -0.000114479, 6.38778)
body_offset = Transform3D(-1.43051e-06, -1.19768e-06, -1, -1.86265e-09, 1, -1.18837e-06, 1, 0, -1.51992e-06, 6.38778, 0.00012207, 5.72205e-06)
bone_name = "LeftHand"
joint_constraints/angular_limit_enabled = false
joint_constraints/angular_limit_upper = 90.0
joint_constraints/angular_limit_lower = -90.0
joint_constraints/angular_limit_bias = 0.3
joint_constraints/angular_limit_softness = 0.9
joint_constraints/angular_limit_relaxation = 1.0

[node name="CollisionShape3D" type="CollisionShape3D" parent="Armature/Skeleton3D/Physical Bone LeftHand" index="0"]
shape = SubResource("20")

[node name="Physical Bone RightShoulder" type="PhysicalBone3D" parent="Armature/Skeleton3D" index="13"]
transform = Transform3D(0.706198, -0.40381, 0.581537, -0.672822, -0.127674, 0.728573, -0.219962, -0.905889, -0.361908, -12.4469, -13.7286, -139.383)
joint_type = 3
joint_offset = Transform3D(1, 0, 0, 0, 1, 0, 0, 0, 1, -2.26498e-05, 4.705e-05, 6.46121)
body_offset = Transform3D(0.201373, -0.020164, 0.979311, -5.11855e-06, 0.999787, 0.0205835, -0.979407, -0.00414398, 0.201265, -6.32753, -0.133041, -1.30044)
bone_name = "RightShoulder"
joint_constraints/angular_limit_enabled = true
joint_constraints/angular_limit_upper = -31.31
joint_constraints/angular_limit_lower = -90.0
joint_constraints/angular_limit_bias = 0.3
joint_constraints/angular_limit_softness = 0.9
joint_constraints/angular_limit_relaxation = 1.0

[node name="CollisionShape3D" type="CollisionShape3D" parent="Armature/Skeleton3D/Physical Bone RightShoulder" index="0"]
shape = SubResource("21")

[node name="Physical Bone RightArm" type="PhysicalBone3D" parent="Armature/Skeleton3D" index="14"]
transform = Transform3D(-0.342362, -0.78996, 0.508675, -0.784849, -0.0571776, -0.617039, 0.51652, -0.610487, -0.600426, -23.1741, -9.98119, -128.818)
joint_type = 3
joint_offset = Transform3D(1, 0, 0, 0, 1, 0, 0, 0, 1, 9.79574e-05, 0.000156035, 13.7022)
body_offset = Transform3D(-2.68221e-07, 1.07661e-06, 0.999999, -9.574e-07, 1, -8.08388e-07, -0.999997, -3.35276e-08, -8.9407e-08, -13.7022, -0.000144958, 9.91821e-05)
bone_name = "RightArm"
joint_constraints/angular_limit_enabled = false
joint_constraints/angular_limit_upper = 90.0
joint_constraints/angular_limit_lower = -90.0
joint_constraints/angular_limit_bias = 0.3
joint_constraints/angular_limit_softness = 0.9
joint_constraints/angular_limit_relaxation = 1.0

[node name="CollisionShape3D" type="CollisionShape3D" parent="Armature/Skeleton3D/Physical Bone RightArm" index="0"]
shape = SubResource("22")

[node name="Physical Bone RightForeArm" type="PhysicalBone3D" parent="Armature/Skeleton3D" index="15"]
transform = Transform3D(-0.462599, -0.789958, -0.402448, 0.709069, -0.057176, -0.702817, 0.532186, -0.61048, 0.586576, -24.5876, 8.17754, -128.69)
joint_type = 3
joint_offset = Transform3D(1, 0, 0, 0, 1, 0, 0, 0, 1, 0.000193558, -5.46438e-05, 13.8072)
body_offset = Transform3D(-7.7486e-07, 1.93715e-06, 0.999994, 0, 0.999995, 6.72042e-06, -1, -2.97278e-06, 5.45382e-06, -13.8072, -3.8147e-05, 0.000118256)
bone_name = "RightForeArm"
joint_constraints/angular_limit_enabled = false
joint_constraints/angular_limit_upper = 90.0
joint_constraints/angular_limit_lower = -90.0
joint_constraints/angular_limit_bias = 0.3
joint_constraints/angular_limit_softness = 0.9
joint_constraints/angular_limit_relaxation = 1.0

[node name="CollisionShape3D" type="CollisionShape3D" parent="Armature/Skeleton3D/Physical Bone RightForeArm" index="0"]
shape = SubResource("23")

[node name="Physical Bone RightHand" type="PhysicalBone3D" parent="Armature/Skeleton3D" index="16"]
transform = Transform3D(0.102245, -0.994111, -0.0316481, 0.104776, 0.042401, -0.993456, 0.989104, 0.0982729, 0.108507, -18.8288, 24.2277, -137.482)
joint_type = 3
joint_offset = Transform3D(1, 0, 0, 0, 1, 0, 0, 0, 1, 0.000103569, 2.24663e-05, 6.38786)
body_offset = Transform3D(-4.50015e-06, 1.13994e-06, 0.999865, 3.40538e-06, 0.999856, 3.65078e-07, -0.99988, 1.0645e-06, -2.89828e-06, -6.387, -2.47955e-05, 0.00012207)
bone_name = "RightHand"
joint_constraints/angular_limit_enabled = false
joint_constraints/angular_limit_upper = 90.0
joint_constraints/angular_limit_lower = -90.0
joint_constraints/angular_limit_bias = 0.3
joint_constraints/angular_limit_softness = 0.9
joint_constraints/angular_limit_relaxation = 1.0

[node name="CollisionShape3D" type="CollisionShape3D" parent="Armature/Skeleton3D/Physical Bone RightHand" index="0"]
shape = SubResource("24")

[node name="Physical Bone RightUpLeg" type="PhysicalBone3D" parent="Armature/Skeleton3D" index="17"]
transform = Transform3D(0.983019, 0.0883329, 0.160799, 0.161544, -0.832209, -0.530405, 0.0869639, 0.547378, -0.832354, -11.1577, 7.27378, -75.5301)
joint_type = 3
joint_offset = Transform3D(1, 0, 0, 0, 1, 0, 0, 0, 1, -1.69948e-05, -0.000168696, 20.2997)
body_offset = Transform3D(0.903083, -0.429413, 0.0060268, 8.9407e-08, 0.0140323, 0.999901, -0.42945, -0.902998, 0.0126733, -0.122399, -20.2977, -0.257423)
bone_name = "RightUpLeg"
joint_constraints/angular_limit_enabled = false
joint_constraints/angular_limit_upper = 90.0
joint_constraints/angular_limit_lower = -90.0
joint_constraints/angular_limit_bias = 0.3
joint_constraints/angular_limit_softness = 0.9
joint_constraints/angular_limit_relaxation = 1.0

[node name="CollisionShape3D" type="CollisionShape3D" parent="Armature/Skeleton3D/Physical Bone RightUpLeg" index="0"]
shape = SubResource("25")

[node name="Physical Bone RightLeg" type="PhysicalBone3D" parent="Armature/Skeleton3D" index="18"]
transform = Transform3D(0.776023, 0.611353, -0.155033, 0.627814, -0.725261, 0.282569, 0.0603105, -0.316612, -0.946636, -11.1586, 12.0931, -38.7074)
joint_type = 3
joint_offset = Transform3D(1, 0, 0, 0, 1, 0, 0, 0, 1, 1.46776e-06, -9.77516e-06, 21.0495)
body_offset = Transform3D(0.993022, 0.117786, -0.00581175, -2.98023e-08, 0.0492816, 0.998785, 0.117929, -0.991815, 0.0489376, 0.122334, -21.0239, -1.03012)
bone_name = "RightLeg"
joint_constraints/angular_limit_enabled = false
joint_constraints/angular_limit_upper = 90.0
joint_constraints/angular_limit_lower = -90.0
joint_constraints/angular_limit_bias = 0.3
joint_constraints/angular_limit_softness = 0.9
joint_constraints/angular_limit_relaxation = 1.0

[node name="CollisionShape3D" type="CollisionShape3D" parent="Armature/Skeleton3D/Physical Bone RightLeg" index="0"]
shape = SubResource("26")

[node name="Physical Bone RightFoot" type="PhysicalBone3D" parent="Armature/Skeleton3D" index="19"]
transform = Transform3D(-0.825374, -0.355967, 0.438228, -0.564543, 0.529927, -0.632826, -0.00696369, -0.769718, -0.63837, -11.4957, 11.3444, -13.5365)
joint_type = 3
joint_offset = Transform3D(1, 0, 0, 0, 1, 0, 0, 0, 1, -4.72367e-06, -0.000139236, 8.2159)
body_offset = Transform3D(-0.999564, -0.0188514, 0.0227211, -9.77889e-09, 0.769605, 0.638543, -0.0295235, 0.638242, -0.769269, -0.186682, -5.2461, 6.32033)
bone_name = "RightFoot"
joint_constraints/angular_limit_enabled = false
joint_constraints/angular_limit_upper = 90.0
joint_constraints/angular_limit_lower = -90.0
joint_constraints/angular_limit_bias = 0.3
joint_constraints/angular_limit_softness = 0.9
joint_constraints/angular_limit_relaxation = 1.0

[node name="CollisionShape3D" type="CollisionShape3D" parent="Armature/Skeleton3D/Physical Bone RightFoot" index="0"]
shape = SubResource("27")

[node name="Physical Bone RightToeBase" type="PhysicalBone3D" parent="Armature/Skeleton3D" index="20"]
transform = Transform3D(-0.841682, 0.11183, 0.528266, -0.539928, -0.161678, -0.826037, -0.00696651, -0.980487, 0.196463, -17.7355, 20.6708, -9.2734)
joint_type = 3
joint_offset = Transform3D(1, 0, 0, 0, 1, 0, 0, 0, 1, 1.20659e-13, 5.06082e-07, 4.99626)
body_offset = Transform3D(-1, 2.38419e-07, 0, -1.56462e-07, 1, -1.49012e-07, -1.78814e-07, 2.68221e-07, -1, 0, 2.38419e-07, 4.99626)
bone_name = "RightToeBase"
joint_constraints/angular_limit_enabled = false
joint_constraints/angular_limit_upper = 90.0
joint_constraints/angular_limit_lower = -90.0
joint_constraints/angular_limit_bias = 0.3
joint_constraints/angular_limit_softness = 0.9
joint_constraints/angular_limit_relaxation = 1.0

[node name="CollisionShape3D" type="CollisionShape3D" parent="Armature/Skeleton3D/Physical Bone RightToeBase" index="0"]
shape = SubResource("28")

[node name="Physical Bone LeftUpLeg" type="PhysicalBone3D" parent="Armature/Skeleton3D" index="21"]
transform = Transform3D(0.910041, 0.413927, 0.0221542, 0.359166, -0.760709, -0.540669, -0.206944, 0.499988, -0.840944, 7.04047, 17.2235, -76.5681)
joint_type = 3
joint_offset = Transform3D(1, 0, 0, 0, 1, 0, 0, 0, 1, 1.98707e-05, -1.08927e-05, 20.2997)
body_offset = Transform3D(0.903896, 0.427711, -0.00602733, -1.19209e-07, 0.0140892, 0.999901, 0.427753, -0.903806, 0.0127351, 0.12234, -20.2977, -0.258537)
bone_name = "LeftUpLeg"
joint_constraints/angular_limit_enabled = false
joint_constraints/angular_limit_upper = 90.0
joint_constraints/angular_limit_lower = -90.0
joint_constraints/angular_limit_bias = 0.3
joint_constraints/angular_limit_softness = 0.9
joint_constraints/angular_limit_relaxation = 1.0

[node name="CollisionShape3D" type="CollisionShape3D" parent="Armature/Skeleton3D/Physical Bone LeftUpLeg" index="0"]
shape = SubResource("29")

[node name="Physical Bone LeftLeg" type="PhysicalBone3D" parent="Armature/Skeleton3D" index="22"]
transform = Transform3D(0.995906, 0.0840637, -0.0331041, 0.0823688, -0.693969, 0.715053, 0.0371419, -0.71487, -0.698113, 7.287, 13.1492, -44.7997)
joint_type = 3
joint_offset = Transform3D(1, 0, 0, 0, 1, 0, 0, 0, 1, 0.000310361, 0.0031153, 21.05)
body_offset = Transform3D(0.993001, -0.117908, 0.00581197, 1.93715e-07, 0.0492727, 0.998667, -0.118075, -0.991649, 0.0488773, -0.122283, -21.0221, -1.02574)
bone_name = "LeftLeg"
joint_constraints/angular_limit_enabled = false
joint_constraints/angular_limit_upper = 90.0
joint_constraints/angular_limit_lower = -90.0
joint_constraints/angular_limit_bias = 0.3
joint_constraints/angular_limit_softness = 0.9
joint_constraints/angular_limit_relaxation = 1.0

[node name="CollisionShape3D" type="CollisionShape3D" parent="Armature/Skeleton3D/Physical Bone LeftLeg" index="0"]
shape = SubResource("30")

[node name="Physical Bone LeftFoot" type="PhysicalBone3D" parent="Armature/Skeleton3D" index="23"]
transform = Transform3D(-0.939012, -0.317325, -0.132506, -0.323192, 0.945991, 0.0248133, 0.117484, 0.0661025, -0.990755, 9.0732, -2.11123, -21.9625)
joint_type = 3
joint_offset = Transform3D(1, 0, 0, 0, 1, 0, 0, 0, 1, -5.73397e-05, -0.000215054, 8.21697)
body_offset = Transform3D(-0.999564, 0.0188496, -0.0227256, -1.19209e-07, 0.769592, 0.638467, 0.0295235, 0.638228, -0.769163, 0.186683, -5.2461, 6.32033)
bone_name = "LeftFoot"
joint_constraints/angular_limit_enabled = false
joint_constraints/angular_limit_upper = 90.0
joint_constraints/angular_limit_lower = -90.0
joint_constraints/angular_limit_bias = 0.3
joint_constraints/angular_limit_softness = 0.9
joint_constraints/angular_limit_relaxation = 1.0

[node name="CollisionShape3D" type="CollisionShape3D" parent="Armature/Skeleton3D/Physical Bone LeftFoot" index="0"]
shape = SubResource("31")

[node name="Physical Bone LeftToeBase" type="PhysicalBone3D" parent="Armature/Skeleton3D" index="24"]
transform = Transform3D(-0.965871, -0.146763, 0.213429, -0.259011, 0.54044, -0.800523, 0.00214215, -0.828482, -0.560009, 9.09553, 1.68467, -11.0236)
joint_type = 3
joint_offset = Transform3D(1, 0, 0, 0, 1, 0, 0, 0, 1, -7.70385e-06, 1.60033e-05, 4.99626)
body_offset = Transform3D(-1, -2.98023e-08, -1.49012e-08, 0, 0.999999, -1.49012e-07, 1.19209e-07, 6.55651e-07, -1, -7.62939e-06, -1.52588e-05, 4.99626)
bone_name = "LeftToeBase"
joint_constraints/angular_limit_enabled = false
joint_constraints/angular_limit_upper = 90.0
joint_constraints/angular_limit_lower = -90.0
joint_constraints/angular_limit_bias = 0.3
joint_constraints/angular_limit_softness = 0.9
joint_constraints/angular_limit_relaxation = 1.0

[node name="CollisionShape3D" type="CollisionShape3D" parent="Armature/Skeleton3D/Physical Bone LeftToeBase" index="0"]
shape = SubResource("32")

[node name="AnimationPlayer" parent="." index="1"]
playback_speed = 2.0
